Time (s) - Plot 0	Resistivity (Ohm*cm) - Plot 0	
0,02	2,48E+0	
1,648	2,48E+0	
3,155	2,48E+0	
4,663	2,48E+0	
6,171	2,48E+0	
7,678	2,48E+0	
9,203	2,48E+0	
10,712	2,48E+0	
12,224	2,48E+0	
13,732	2,48E+0	
15,241	2,48E+0	
16,75	2,48E+0	
18,259	2,48E+0	
19,831	2,48E+0	
21,356	2,47E+0	
22,863	2,47E+0	
24,423	2,47E+0	
25,931	2,47E+0	
27,469	2,47E+0	
29,016	2,47E+0	
30,546	2,47E+0	
32,104	2,47E+0	
33,648	2,47E+0	
35,157	2,47E+0	
36,742	2,47E+0	
38,274	2,47E+0	
39,811	2,47E+0	
41,556	2,47E+0	
43,195	2,46E+0	
44,922	2,46E+0	
46,584	2,46E+0	
48,097	2,46E+0	
49,854	2,46E+0	
51,381	2,46E+0	
52,901	2,46E+0	
54,411	2,46E+0	
55,921	2,46E+0	
57,43	2,46E+0	
58,938	2,46E+0	
60,445	2,46E+0	
61,955	2,46E+0	
63,462	2,46E+0	
77,06	2,45E+0	
78,566	2,45E+0	
80,084	2,45E+0	
81,593	2,44E+0	
83,117	2,44E+0	
84,625	2,44E+0	
86,134	2,44E+0	
87,642	2,44E+0	
89,149	2,44E+0	
90,658	2,44E+0	
92,167	2,44E+0	
93,675	2,44E+0	
95,183	2,44E+0	
96,69	2,44E+0	
98,198	2,44E+0	
99,707	2,44E+0	
101,215	2,44E+0	
102,725	2,44E+0	
104,232	2,44E+0	
105,742	2,44E+0	
107,251	2,43E+0	
108,76	2,43E+0	
110,267	2,43E+0	
111,774	2,43E+0	
113,283	2,43E+0	
114,793	2,43E+0	
116,302	2,43E+0	
117,809	2,43E+0	
119,316	2,43E+0	
120,824	2,43E+0	
122,332	2,43E+0	
123,841	2,43E+0	
125,349	2,43E+0	
126,857	2,42E+0	
128,363	2,42E+0	
129,872	2,42E+0	
131,38	2,42E+0	
132,888	2,42E+0	
134,396	2,42E+0	
135,903	2,42E+0	
137,412	2,42E+0	
138,92	2,42E+0	
140,428	2,42E+0	
141,935	2,42E+0	
143,441	2,41E+0	
144,95	2,41E+0	
146,459	2,41E+0	
147,968	2,41E+0	
149,477	2,41E+0	
150,986	2,41E+0	
152,495	2,41E+0	
154,004	2,41E+0	
155,513	2,41E+0	
157,022	2,41E+0	
158,529	2,41E+0	
160,038	2,41E+0	
161,547	2,41E+0	
163,056	2,41E+0	
164,564	2,41E+0	
166,071	2,41E+0	
167,58	2,41E+0	
169,089	2,41E+0	
170,598	2,41E+0	
172,106	2,41E+0	
173,613	2,4E+0	
175,122	2,4E+0	
176,631	2,4E+0	
178,14	2,4E+0	
179,649	2,4E+0	
181,156	2,4E+0	
182,665	2,4E+0	
184,173	2,4E+0	
185,681	2,39E+0	
187,188	2,39E+0	
188,696	2,39E+0	
190,205	2,39E+0	
191,714	2,39E+0	
193,223	2,39E+0	
194,731	2,39E+0	
196,238	2,39E+0	
197,747	2,39E+0	
199,256	2,39E+0	
200,765	2,39E+0	
202,273	2,39E+0	
203,78	2,39E+0	
205,289	2,38E+0	
206,798	2,39E+0	
208,307	2,39E+0	
209,814	2,38E+0	
211,322	2,39E+0	
212,831	2,38E+0	
214,34	2,38E+0	
215,849	2,38E+0	
217,357	2,38E+0	
218,866	2,38E+0	
220,416	2,38E+0	
221,995	2,38E+0	
223,513	2,38E+0	
225,02	2,38E+0	
226,531	2,38E+0	
228,039	2,38E+0	
229,548	2,38E+0	
231,056	2,37E+0	
232,565	2,37E+0	
234,074	2,37E+0	
235,585	2,37E+0	
237,093	2,37E+0	
238,605	2,37E+0	
240,112	2,37E+0	
241,621	2,37E+0	
243,129	2,37E+0	
244,636	2,37E+0	
246,143	2,37E+0	
247,655	2,36E+0	
249,163	2,36E+0	
250,673	2,36E+0	
252,18	2,37E+0	
253,69	2,37E+0	
255,199	2,37E+0	
256,707	2,36E+0	
258,215	2,36E+0	
259,727	2,36E+0	
261,233	2,36E+0	
262,743	2,36E+0	
264,251	2,36E+0	
265,764	2,36E+0	
267,271	2,36E+0	
268,78	2,36E+0	
270,289	2,36E+0	
271,798	2,36E+0	
273,306	2,36E+0	
274,815	2,35E+0	
276,324	2,35E+0	
277,834	2,35E+0	
279,342	2,35E+0	
280,852	2,35E+0	
282,358	2,35E+0	
283,868	2,35E+0	
285,376	2,35E+0	
286,886	2,35E+0	
288,394	2,35E+0	
289,902	2,35E+0	
291,41	2,35E+0	
292,918	2,35E+0	
294,426	2,35E+0	
295,937	2,34E+0	
297,444	2,34E+0	
298,952	2,34E+0	
300,459	2,34E+0	
301,971	2,34E+0	
303,479	2,34E+0	
304,988	2,34E+0	
306,497	2,34E+0	
308,004	2,34E+0	
309,512	2,34E+0	
311,02	2,33E+0	
312,528	2,33E+0	
314,037	2,33E+0	
315,545	2,33E+0	
317,053	2,33E+0	
318,56	2,33E+0	
320,069	2,33E+0	
321,577	2,33E+0	
323,088	2,33E+0	
324,596	2,32E+0	
326,113	2,32E+0	
327,626	2,32E+0	
329,134	2,32E+0	
330,642	2,32E+0	
332,149	2,32E+0	
333,655	2,32E+0	
335,164	2,32E+0	
336,674	2,32E+0	
338,181	2,32E+0	
339,689	2,32E+0	
341,196	2,32E+0	
342,705	2,32E+0	
344,214	2,32E+0	
345,722	2,32E+0	
347,229	2,32E+0	
348,738	2,32E+0	
350,247	2,31E+0	
351,757	2,31E+0	
353,265	2,31E+0	
354,773	2,31E+0	
356,28	2,31E+0	
357,789	2,31E+0	
359,298	2,31E+0	
360,807	2,31E+0	
362,314	2,31E+0	
363,821	2,31E+0	
365,33	2,31E+0	
366,839	2,31E+0	
368,348	2,3E+0	
369,855	2,3E+0	
371,362	2,3E+0	
372,871	2,3E+0	
374,38	2,3E+0	
375,889	2,3E+0	
377,397	2,3E+0	
378,905	2,3E+0	
380,414	2,3E+0	
381,923	2,3E+0	
383,432	2,3E+0	
384,94	2,3E+0	
386,449	2,3E+0	
387,958	2,3E+0	
389,467	2,3E+0	
390,976	2,29E+0	
392,484	2,29E+0	
393,993	2,29E+0	
395,501	2,29E+0	
397,009	2,29E+0	
398,518	2,29E+0	
400,024	2,29E+0	
401,533	2,29E+0	
403,042	2,29E+0	
404,551	2,29E+0	
406,06	2,29E+0	
407,566	2,28E+0	
409,075	2,28E+0	
410,584	2,28E+0	
412,093	2,28E+0	
413,601	2,28E+0	
415,108	2,28E+0	
416,617	2,28E+0	
418,126	2,28E+0	
419,635	2,28E+0	
421,143	2,28E+0	
422,649	2,28E+0	
424,158	2,28E+0	
425,667	2,28E+0	
427,176	2,28E+0	
428,685	2,28E+0	
430,191	2,27E+0	
431,7	2,27E+0	
433,209	2,27E+0	
434,718	2,27E+0	
436,226	2,27E+0	
437,733	2,27E+0	
439,242	2,27E+0	
440,751	2,27E+0	
442,26	2,27E+0	
443,768	2,27E+0	
445,275	2,27E+0	
446,784	2,27E+0	
448,293	2,27E+0	
449,802	2,27E+0	
451,31	2,26E+0	
452,816	2,26E+0	
454,325	2,26E+0	
455,834	2,26E+0	
457,343	2,26E+0	
458,852	2,26E+0	
460,358	2,26E+0	
461,867	2,26E+0	
463,376	2,26E+0	
464,885	2,26E+0	
466,393	2,26E+0	
467,899	2,25E+0	
469,408	2,25E+0	
470,917	2,25E+0	
472,426	2,26E+0	
473,934	2,25E+0	
475,441	2,26E+0	
476,95	2,26E+0	
478,459	2,25E+0	
479,968	2,25E+0	
481,477	2,25E+0	
482,983	2,25E+0	
484,492	2,25E+0	
486,001	2,25E+0	
487,51	2,25E+0	
489,019	2,25E+0	
490,525	2,25E+0	
492,034	2,24E+0	
493,543	2,24E+0	
495,052	2,24E+0	
496,56	2,24E+0	
498,066	2,24E+0	
499,575	2,24E+0	
501,084	2,24E+0	
502,593	2,24E+0	
504,101	2,24E+0	
505,608	2,24E+0	
507,117	2,24E+0	
508,626	2,23E+0	
510,135	2,23E+0	
511,644	2,23E+0	
513,15	2,23E+0	
514,659	2,23E+0	
516,168	2,23E+0	
517,677	2,23E+0	
519,184	2,23E+0	
520,691	2,23E+0	
522,2	2,23E+0	
523,709	2,23E+0	
525,218	2,23E+0	
526,726	2,23E+0	
528,232	2,23E+0	
529,741	2,22E+0	
531,25	2,22E+0	
532,759	2,22E+0	
534,267	2,22E+0	
535,774	2,22E+0	
537,286	2,22E+0	
538,795	2,22E+0	
540,303	2,22E+0	
541,811	2,22E+0	
543,316	2,22E+0	
544,825	2,21E+0	
546,334	2,21E+0	
547,843	2,21E+0	
549,35	2,21E+0	
550,857	2,21E+0	
552,366	2,21E+0	
553,875	2,21E+0	
555,384	2,21E+0	
556,892	2,21E+0	
558,399	2,21E+0	
559,905	2,21E+0	
561,414	2,21E+0	
562,923	2,21E+0	
564,431	2,21E+0	
565,938	2,2E+0	
567,445	2,2E+0	
568,954	2,2E+0	
570,463	2,2E+0	
571,972	2,2E+0	
573,479	2,2E+0	
574,987	2,2E+0	
576,496	2,2E+0	
578,005	2,2E+0	
579,514	2,2E+0	
581,022	2,2E+0	
582,529	2,2E+0	
584,038	2,2E+0	
585,547	2,19E+0	
587,055	2,19E+0	
588,563	2,19E+0	
590,071	2,19E+0	
591,581	2,19E+0	
593,09	2,19E+0	
594,599	2,19E+0	
596,107	2,19E+0	
597,613	2,19E+0	
599,122	2,18E+0	
600,631	2,18E+0	
602,14	2,19E+0	
603,649	2,19E+0	
605,155	2,19E+0	
606,664	2,18E+0	
608,173	2,18E+0	
609,682	2,18E+0	
611,19	2,18E+0	
612,697	2,18E+0	
614,205	2,18E+0	
615,714	2,18E+0	
617,223	2,18E+0	
618,732	2,18E+0	
620,238	2,18E+0	
621,747	2,17E+0	
623,256	2,17E+0	
624,765	2,17E+0	
626,274	2,17E+0	
627,783	2,17E+0	
629,292	2,17E+0	
630,801	2,17E+0	
632,309	2,17E+0	
633,817	2,17E+0	
635,326	2,17E+0	
636,835	2,17E+0	
638,343	2,17E+0	
639,852	2,16E+0	
641,361	2,16E+0	
642,87	2,16E+0	
644,378	2,16E+0	
645,887	2,16E+0	
647,396	2,16E+0	
648,904	2,16E+0	
650,413	2,16E+0	
651,922	2,16E+0	
653,431	2,16E+0	
654,939	2,16E+0	
656,446	2,16E+0	
657,955	2,16E+0	
659,465	2,16E+0	
660,974	2,15E+0	
662,482	2,15E+0	
663,991	2,15E+0	
665,504	2,15E+0	
667,013	2,15E+0	
668,521	2,15E+0	
670,028	2,15E+0	
671,537	2,15E+0	
673,046	2,15E+0	
674,555	2,15E+0	
676,065	2,14E+0	
677,571	2,14E+0	
679,08	2,14E+0	
680,589	2,14E+0	
682,098	2,14E+0	
683,605	2,14E+0	
685,112	2,14E+0	
686,621	2,14E+0	
688,13	2,14E+0	
689,639	2,14E+0	
691,147	2,14E+0	
692,654	2,14E+0	
694,163	2,14E+0	
695,672	2,14E+0	
697,181	2,14E+0	
698,69	2,14E+0	
700,196	2,14E+0	
701,705	2,14E+0	
703,214	2,13E+0	
704,723	2,13E+0	
706,232	2,13E+0	
707,738	2,13E+0	
709,247	2,13E+0	
710,756	2,13E+0	
712,265	2,13E+0	
713,773	2,13E+0	
715,28	2,12E+0	
716,789	2,12E+0	
718,3	2,12E+0	
719,809	2,12E+0	
721,316	2,12E+0	
722,825	2,12E+0	
724,334	2,12E+0	
725,843	2,12E+0	
727,353	2,12E+0	
728,859	2,12E+0	
730,368	2,12E+0	
731,877	2,12E+0	
733,386	2,12E+0	
734,894	2,12E+0	
736,401	2,12E+0	
737,91	2,12E+0	
739,419	2,12E+0	
740,928	2,12E+0	
742,436	2,11E+0	
743,943	2,11E+0	
745,452	2,11E+0	
746,961	2,11E+0	
748,47	2,11E+0	
749,978	2,11E+0	
751,486	2,11E+0	
752,995	2,11E+0	
754,504	2,11E+0	
756,013	2,1E+0	
757,524	2,1E+0	
759,03	2,1E+0	
760,539	2,1E+0	
762,048	2,1E+0	
763,556	2,1E+0	
765,065	2,1E+0	
766,572	2,1E+0	
768,081	2,1E+0	
769,59	2,1E+0	
771,098	2,1E+0	
772,605	2,1E+0	
774,113	2,09E+0	
775,622	2,09E+0	
777,131	2,09E+0	
778,64	2,09E+0	
780,147	2,1E+0	
781,654	2,09E+0	
783,163	2,09E+0	
784,672	2,09E+0	
786,18	2,09E+0	
787,687	2,09E+0	
789,194	2,09E+0	
790,703	2,09E+0	
792,212	2,09E+0	
793,72	2,09E+0	
795,227	2,08E+0	
796,733	2,08E+0	
798,242	2,08E+0	
799,751	2,08E+0	
801,26	2,08E+0	
802,767	2,08E+0	
804,274	2,08E+0	
805,783	2,08E+0	
807,292	2,08E+0	
808,801	2,08E+0	
810,308	2,08E+0	
811,815	2,08E+0	
813,321	2,07E+0	
814,83	2,08E+0	
816,338	2,08E+0	
817,845	2,08E+0	
819,353	2,08E+0	
820,927	2,07E+0	
822,434	2,07E+0	
823,94	2,07E+0	
825,463	2,07E+0	
826,972	2,07E+0	
828,479	2,07E+0	
829,989	2,07E+0	
831,499	2,07E+0	
833,008	2,06E+0	
834,516	2,06E+0	
836,024	2,06E+0	
837,53	2,06E+0	
839,039	2,06E+0	
840,548	2,06E+0	
842,056	2,06E+0	
843,564	2,06E+0	
845,071	2,06E+0	
846,58	2,06E+0	
848,088	2,06E+0	
849,596	2,06E+0	
851,104	2,06E+0	
852,611	2,05E+0	
854,12	2,05E+0	
855,629	2,05E+0	
857,137	2,05E+0	
858,645	2,05E+0	
860,153	2,05E+0	
861,662	2,05E+0	
863,17	2,05E+0	
864,678	2,05E+0	
866,186	2,05E+0	
867,694	2,05E+0	
869,203	2,05E+0	
870,711	2,04E+0	
872,219	2,04E+0	
873,726	2,04E+0	
875,237	2,04E+0	
876,745	2,04E+0	
878,254	2,04E+0	
879,762	2,04E+0	
881,27	2,04E+0	
882,775	2,04E+0	
884,284	2,04E+0	
885,793	2,04E+0	
887,302	2,04E+0	
888,811	2,04E+0	
890,319	2,03E+0	
891,828	2,03E+0	
893,337	2,03E+0	
894,846	2,03E+0	
896,353	2,03E+0	
897,861	2,03E+0	
899,37	2,03E+0	
900,879	2,03E+0	
902,388	2,03E+0	
903,895	2,03E+0	
905,4	2,03E+0	
906,909	2,03E+0	
908,419	2,02E+0	
909,928	2,02E+0	
911,435	2,02E+0	
912,941	2,02E+0	
914,45	2,02E+0	
915,958	2,02E+0	
917,467	2,02E+0	
918,975	2,02E+0	
920,482	2,02E+0	
921,988	2,02E+0	
923,497	2,02E+0	
925,006	2,01E+0	
926,514	2,01E+0	
928,021	2,01E+0	
929,528	2,01E+0	
931,037	2,01E+0	
932,545	2,01E+0	
934,053	2,01E+0	
935,56	2,01E+0	
937,066	2,01E+0	
938,575	2,01E+0	
940,084	2,01E+0	
941,593	2,01E+0	
943,102	2,01E+0	
944,608	2,01E+0	
946,117	2,01E+0	
947,624	2E+0	
949,132	2E+0	
950,641	2E+0	
952,149	2E+0	
953,657	2E+0	
955,166	2E+0	
956,675	2E+0	
958,184	2E+0	
959,69	1,99E+0	
961,199	1,99E+0	
962,708	1,99E+0	
964,217	1,99E+0	
965,727	2E+0	
967,237	1,99E+0	
968,746	1,99E+0	
970,255	1,99E+0	
971,764	1,99E+0	
973,273	1,99E+0	
974,781	1,99E+0	
976,29	1,99E+0	
977,799	1,99E+0	
979,307	1,99E+0	
980,814	1,99E+0	
982,321	1,99E+0	
983,83	1,98E+0	
985,339	1,98E+0	
986,848	1,98E+0	
988,357	1,98E+0	
989,866	1,98E+0	
991,375	1,98E+0	
992,884	1,98E+0	
994,393	1,98E+0	
995,899	1,98E+0	
997,408	1,98E+0	
998,917	1,98E+0	
1000,43	1,98E+0	
1001,93	1,97E+0	
1003,44	1,97E+0	
1004,95	1,97E+0	
1006,46	1,97E+0	
1007,97	1,97E+0	
1009,48	1,97E+0	
1010,98	1,97E+0	
1012,49	1,97E+0	
1014	1,97E+0	
1015,51	1,97E+0	
1017,02	1,97E+0	
1018,52	1,97E+0	
1020,03	1,97E+0	
1021,54	1,97E+0	
1023,05	1,97E+0	
1024,56	1,96E+0	
1026,07	1,96E+0	
1027,57	1,96E+0	
1029,08	1,96E+0	
1030,59	1,96E+0	
1032,1	1,96E+0	
1033,61	1,96E+0	
1035,11	1,96E+0	
1036,62	1,96E+0	
1038,13	1,96E+0	
1039,64	1,96E+0	
1041,14	1,96E+0	
1042,65	1,96E+0	
1044,16	1,95E+0	
1045,67	1,95E+0	
1047,18	1,95E+0	
1048,69	1,95E+0	
1050,19	1,95E+0	
1051,7	1,95E+0	
1053,21	1,95E+0	
1054,72	1,95E+0	
1056,23	1,95E+0	
1057,74	1,95E+0	
1059,25	1,95E+0	
1060,76	1,94E+0	
1062,27	1,94E+0	
1063,77	1,94E+0	
1065,28	1,94E+0	
1066,79	1,94E+0	
1068,3	1,94E+0	
1069,81	1,94E+0	
1071,32	1,94E+0	
1072,82	1,94E+0	
1074,33	1,94E+0	
1075,84	1,94E+0	
1077,35	1,94E+0	
1078,86	1,93E+0	
1080,36	1,93E+0	
1081,87	1,93E+0	
1083,38	1,93E+0	
1084,89	1,93E+0	
1086,39	1,93E+0	
1087,9	1,93E+0	
1089,41	1,93E+0	
1090,92	1,93E+0	
1092,42	1,93E+0	
1093,93	1,93E+0	
1095,44	1,93E+0	
1096,95	1,93E+0	
1098,46	1,93E+0	
1099,96	1,92E+0	
1101,47	1,92E+0	
1102,98	1,92E+0	
1104,49	1,92E+0	
1106	1,92E+0	
1107,51	1,92E+0	
1109,02	1,92E+0	
1110,52	1,92E+0	
1112,03	1,92E+0	
1113,54	1,92E+0	
1115,05	1,91E+0	
1116,56	1,91E+0	
1118,07	1,91E+0	
1119,57	1,91E+0	
1121,08	1,91E+0	
1122,59	1,91E+0	
1124,1	1,91E+0	
1125,61	1,91E+0	
1127,11	1,91E+0	
1128,62	1,91E+0	
1130,13	1,91E+0	
1131,64	1,91E+0	
1133,15	1,91E+0	
1134,66	1,9E+0	
1136,17	1,9E+0	
1137,67	1,9E+0	
1139,18	1,9E+0	
1140,69	1,9E+0	
1142,2	1,9E+0	
1143,7	1,9E+0	
1145,21	1,9E+0	
1146,72	1,9E+0	
1148,23	1,9E+0	
1149,74	1,9E+0	
1151,25	1,89E+0	
1152,76	1,89E+0	
1154,27	1,89E+0	
1155,77	1,89E+0	
1157,28	1,89E+0	
1158,79	1,89E+0	
1160,3	1,89E+0	
1161,81	1,89E+0	
1163,31	1,89E+0	
1164,82	1,89E+0	
1166,33	1,89E+0	
1167,84	1,89E+0	
1169,35	1,89E+0	
1170,85	1,89E+0	
1172,36	1,89E+0	
1173,87	1,89E+0	
1175,38	1,88E+0	
1176,89	1,88E+0	
1178,4	1,88E+0	
1179,9	1,88E+0	
1181,41	1,88E+0	
1182,92	1,88E+0	
1184,43	1,88E+0	
1185,94	1,88E+0	
1187,44	1,88E+0	
1188,95	1,88E+0	
1190,46	1,88E+0	
1191,97	1,88E+0	
1193,48	1,88E+0	
1194,99	1,88E+0	
1196,5	1,87E+0	
1198	1,87E+0	
1199,51	1,87E+0	
1201,02	1,87E+0	
1202,53	1,87E+0	
1204,04	1,87E+0	
1205,54	1,87E+0	
1207,05	1,87E+0	
1208,56	1,87E+0	
1210,07	1,86E+0	
1211,57	1,86E+0	
1213,08	1,86E+0	
1214,59	1,86E+0	
1216,1	1,86E+0	
1217,61	1,86E+0	
1219,11	1,86E+0	
1220,62	1,86E+0	
1222,13	1,86E+0	
1223,63	1,86E+0	
1225,15	1,85E+0	
1226,65	1,85E+0	
1228,16	1,85E+0	
1229,67	1,85E+0	
1231,18	1,85E+0	
1232,69	1,85E+0	
1234,2	1,85E+0	
1235,7	1,85E+0	
1237,21	1,85E+0	
1238,72	1,85E+0	
1240,23	1,85E+0	
1241,74	1,85E+0	
1243,25	1,85E+0	
1244,76	1,85E+0	
1246,26	1,85E+0	
1247,77	1,85E+0	
1249,28	1,84E+0	
1250,79	1,84E+0	
1252,3	1,84E+0	
1253,81	1,84E+0	
1255,32	1,84E+0	
1256,83	1,84E+0	
1258,34	1,84E+0	
1259,84	1,84E+0	
1261,35	1,84E+0	
1262,86	1,84E+0	
1264,37	1,84E+0	
1265,88	1,83E+0	
1267,39	1,84E+0	
1268,9	1,84E+0	
1270,4	1,83E+0	
1271,91	1,83E+0	
1273,42	1,83E+0	
1274,93	1,83E+0	
1276,44	1,83E+0	
1277,95	1,83E+0	
1279,45	1,83E+0	
1280,96	1,83E+0	
1282,47	1,83E+0	
1283,98	1,83E+0	
1285,49	1,83E+0	
1287	1,83E+0	
1288,51	1,83E+0	
1290,01	1,82E+0	
1291,52	1,82E+0	
1293,03	1,82E+0	
1294,54	1,83E+0	
1296,05	1,82E+0	
1297,55	1,82E+0	
1299,06	1,82E+0	
1300,57	1,82E+0	
1302,08	1,82E+0	
1303,58	1,82E+0	
1305,09	1,82E+0	
1306,6	1,82E+0	
1308,11	1,81E+0	
1309,61	1,81E+0	
1311,13	1,82E+0	
1312,64	1,81E+0	
1314,14	1,81E+0	
1315,65	1,81E+0	
1317,16	1,81E+0	
1318,67	1,81E+0	
1320,17	1,81E+0	
1321,68	1,81E+0	
1323,19	1,81E+0	
1324,7	1,81E+0	
1326,2	1,81E+0	
1327,71	1,81E+0	
1329,22	1,81E+0	
1330,73	1,81E+0	
1332,24	1,81E+0	
1333,75	1,81E+0	
1335,26	1,8E+0	
1336,77	1,8E+0	
1338,27	1,8E+0	
1339,78	1,8E+0	
1341,29	1,8E+0	
1342,8	1,8E+0	
1344,31	1,8E+0	
1345,82	1,8E+0	
1347,33	1,8E+0	
1348,84	1,8E+0	
1350,35	1,8E+0	
1351,85	1,8E+0	
1353,36	1,79E+0	
1354,87	1,79E+0	
1356,38	1,79E+0	
1357,89	1,79E+0	
1359,4	1,79E+0	
1360,9	1,79E+0	
1362,41	1,79E+0	
1363,92	1,79E+0	
1365,43	1,79E+0	
1366,94	1,79E+0	
1368,45	1,79E+0	
1369,96	1,79E+0	
1371,46	1,79E+0	
1372,97	1,79E+0	
1374,48	1,79E+0	
1375,99	1,79E+0	
1377,5	1,78E+0	
1379,01	1,78E+0	
1380,52	1,78E+0	
1382,02	1,78E+0	
1383,53	1,78E+0	
1385,04	1,78E+0	
1386,55	1,78E+0	
1388,06	1,78E+0	
1389,57	1,78E+0	
1391,08	1,78E+0	
1392,58	1,78E+0	
1394,09	1,78E+0	
1395,6	1,78E+0	
1397,11	1,78E+0	
1398,62	1,77E+0	
1400,12	1,77E+0	
1401,63	1,78E+0	
1403,14	1,77E+0	
1404,65	1,77E+0	
1406,16	1,77E+0	
1407,67	1,77E+0	
1409,18	1,77E+0	
1410,69	1,77E+0	
1412,2	1,77E+0	
1413,72	1,76E+0	
1415,23	1,76E+0	
1416,73	1,76E+0	
1418,24	1,76E+0	
1419,93	1,76E+0	
1421,51	1,76E+0	
1423,03	1,76E+0	
1424,54	1,76E+0	
1426,04	1,76E+0	
1427,55	1,76E+0	
1429,06	1,76E+0	
1430,57	1,76E+0	
1432,07	1,76E+0	
1433,58	1,76E+0	
1435,09	1,76E+0	
1436,6	1,75E+0	
1438,11	1,75E+0	
1439,62	1,75E+0	
1441,13	1,75E+0	
1442,63	1,75E+0	
1444,14	1,75E+0	
1445,65	1,75E+0	
1447,16	1,75E+0	
1448,67	1,75E+0	
1450,18	1,75E+0	
1451,68	1,75E+0	
1453,19	1,75E+0	
1454,7	1,75E+0	
1456,21	1,74E+0	
1457,72	1,74E+0	
1459,23	1,74E+0	
1460,73	1,74E+0	
1462,24	1,74E+0	
1463,75	1,74E+0	
1465,26	1,74E+0	
1466,77	1,74E+0	
1468,28	1,74E+0	
1469,78	1,74E+0	
1471,29	1,74E+0	
1472,8	1,74E+0	
1474,31	1,74E+0	
1475,82	1,74E+0	
1477,33	1,74E+0	
1478,83	1,74E+0	
1480,34	1,73E+0	
1481,85	1,73E+0	
1483,36	1,73E+0	
1484,87	1,73E+0	
1486,38	1,73E+0	
1487,89	1,73E+0	
1489,4	1,73E+0	
1490,9	1,73E+0	
1492,41	1,73E+0	
1493,92	1,73E+0	
1495,43	1,73E+0	
1496,94	1,73E+0	
1498,45	1,72E+0	
1499,96	1,73E+0	
1501,47	1,73E+0	
1502,97	1,72E+0	
1504,48	1,72E+0	
1505,99	1,72E+0	
1507,5	1,72E+0	
1509,01	1,72E+0	
1510,52	1,72E+0	
1512,02	1,72E+0	
1513,53	1,72E+0	
1515,04	1,72E+0	
1516,55	1,72E+0	
1518,06	1,72E+0	
1519,57	1,71E+0	
1521,07	1,71E+0	
1522,58	1,71E+0	
1524,09	1,71E+0	
1525,6	1,71E+0	
1527,11	1,71E+0	
1528,62	1,71E+0	
1530,12	1,71E+0	
1531,63	1,71E+0	
1533,14	1,71E+0	
1534,65	1,71E+0	
1536,16	1,71E+0	
1537,67	1,71E+0	
1539,18	1,71E+0	
1540,69	1,7E+0	
1542,2	1,7E+0	
1543,71	1,71E+0	
1545,22	1,7E+0	
1546,72	1,7E+0	
1548,23	1,7E+0	
1549,74	1,7E+0	
1551,25	1,7E+0	
1552,76	1,7E+0	
1554,27	1,7E+0	
1555,78	1,7E+0	
1557,29	1,7E+0	
1558,79	1,7E+0	
1560,3	1,7E+0	
1561,81	1,7E+0	
1563,32	1,69E+0	
1564,83	1,69E+0	
1566,33	1,69E+0	
1567,84	1,69E+0	
1569,35	1,69E+0	
1570,86	1,69E+0	
1572,36	1,69E+0	
1573,87	1,69E+0	
1575,38	1,69E+0	
1576,89	1,69E+0	
1578,4	1,69E+0	
1579,9	1,69E+0	
1581,41	1,69E+0	
1582,92	1,69E+0	
1584,43	1,69E+0	
1585,94	1,69E+0	
1587,44	1,69E+0	
1588,95	1,68E+0	
1590,46	1,68E+0	
1591,97	1,68E+0	
1593,48	1,68E+0	
1594,99	1,68E+0	
1596,5	1,68E+0	
1598,01	1,68E+0	
1599,51	1,68E+0	
1601,02	1,68E+0	
1602,53	1,68E+0	
1604,04	1,68E+0	
1605,55	1,68E+0	
1607,06	1,67E+0	
1608,57	1,68E+0	
1610,08	1,68E+0	
1611,59	1,67E+0	
1613,09	1,67E+0	
1614,6	1,67E+0	
1616,11	1,67E+0	
1617,62	1,67E+0	
1619,13	1,67E+0	
1620,64	1,67E+0	
1622,14	1,67E+0	
1623,65	1,67E+0	
1625,16	1,67E+0	
1626,67	1,67E+0	
1628,18	1,67E+0	
1629,69	1,67E+0	
1631,19	1,66E+0	
1632,7	1,66E+0	
1634,21	1,66E+0	
1635,72	1,66E+0	
1637,23	1,66E+0	
1638,74	1,66E+0	
1640,25	1,66E+0	
1641,76	1,66E+0	
1643,27	1,66E+0	
1644,77	1,66E+0	
1646,28	1,66E+0	
1647,79	1,66E+0	
1649,3	1,66E+0	
1650,81	1,66E+0	
1652,32	1,66E+0	
1653,83	1,65E+0	
1655,34	1,65E+0	
1656,85	1,65E+0	
1658,36	1,65E+0	
1659,86	1,65E+0	
1661,38	1,65E+0	
1662,91	1,65E+0	
1664,42	1,65E+0	
1665,93	1,65E+0	
1667,44	1,65E+0	
1668,94	1,65E+0	
1670,45	1,65E+0	
1671,96	1,65E+0	
1673,47	1,64E+0	
1674,98	1,64E+0	
1676,49	1,64E+0	
1678	1,64E+0	
1679,51	1,64E+0	
1681,02	1,64E+0	
1682,53	1,64E+0	
1684,04	1,64E+0	
1685,55	1,64E+0	
1687,06	1,64E+0	
1688,56	1,64E+0	
1690,07	1,64E+0	
1691,58	1,64E+0	
1693,09	1,64E+0	
1694,6	1,64E+0	
1696,11	1,64E+0	
1697,61	1,64E+0	
1699,12	1,63E+0	
1700,63	1,63E+0	
1702,14	1,63E+0	
1703,65	1,63E+0	
1705,15	1,63E+0	
1706,66	1,63E+0	
1708,17	1,63E+0	
1709,68	1,63E+0	
1711,19	1,63E+0	
1712,7	1,63E+0	
1714,2	1,63E+0	
1715,71	1,63E+0	
1717,22	1,63E+0	
1718,73	1,63E+0	
1720,24	1,62E+0	
1721,75	1,62E+0	
1723,26	1,62E+0	
1724,76	1,62E+0	
1726,27	1,62E+0	
1727,78	1,62E+0	
1729,29	1,62E+0	
1730,8	1,62E+0	
1732,31	1,62E+0	
1733,81	1,62E+0	
1735,32	1,62E+0	
1736,83	1,62E+0	
1738,34	1,62E+0	
1739,85	1,62E+0	
1741,36	1,61E+0	
1742,86	1,61E+0	
1744,37	1,61E+0	
1745,88	1,61E+0	
1747,39	1,61E+0	
1748,9	1,61E+0	
1750,4	1,61E+0	
1751,91	1,61E+0	
1753,42	1,61E+0	
1754,93	1,61E+0	
1756,44	1,61E+0	
1757,95	1,61E+0	
1759,45	1,61E+0	
1760,96	1,61E+0	
1762,48	1,61E+0	
1763,98	1,61E+0	
1765,49	1,6E+0	
1767	1,6E+0	
1768,51	1,6E+0	
1770,02	1,6E+0	
1771,53	1,6E+0	
1773,03	1,6E+0	
1774,54	1,6E+0	
1776,05	1,6E+0	
1777,56	1,6E+0	
1779,07	1,6E+0	
1780,58	1,6E+0	
1782,09	1,6E+0	
1783,6	1,6E+0	
1785,1	1,6E+0	
1786,61	1,59E+0	
1788,12	1,59E+0	
1789,63	1,59E+0	
1791,15	1,59E+0	
1792,66	1,59E+0	
1794,17	1,59E+0	
1795,68	1,59E+0	
1797,19	1,59E+0	
1798,7	1,59E+0	
1800,21	1,59E+0	
1801,72	1,59E+0	
1803,22	1,59E+0	
1804,73	1,59E+0	
1806,24	1,59E+0	
1807,75	1,58E+0	
1809,26	1,58E+0	
1810,76	1,58E+0	
1812,27	1,58E+0	
1813,78	1,58E+0	
1815,29	1,58E+0	
1816,8	1,58E+0	
1818,31	1,58E+0	
1819,82	1,58E+0	
1821,33	1,58E+0	
1822,84	1,58E+0	
1824,35	1,58E+0	
1825,85	1,58E+0	
1827,36	1,58E+0	
1828,87	1,58E+0	
1830,38	1,58E+0	
1831,89	1,58E+0	
1833,4	1,57E+0	
1834,9	1,57E+0	
1836,41	1,57E+0	
1837,92	1,57E+0	
1839,43	1,57E+0	
1840,94	1,57E+0	
1842,45	1,57E+0	
1843,96	1,57E+0	
1845,47	1,57E+0	
1846,98	1,57E+0	
1848,49	1,57E+0	
1849,99	1,57E+0	
1851,5	1,57E+0	
1853,01	1,57E+0	
1854,52	1,56E+0	
1856,03	1,56E+0	
1857,54	1,56E+0	
1859,05	1,56E+0	
1860,56	1,56E+0	
1862,07	1,56E+0	
1863,58	1,56E+0	
1865,09	1,56E+0	
1866,59	1,56E+0	
1868,1	1,56E+0	
1869,61	1,56E+0	
1871,12	1,56E+0	
1872,63	1,56E+0	
1874,14	1,56E+0	
1875,65	1,56E+0	
1877,15	1,56E+0	
1878,66	1,55E+0	
1880,17	1,55E+0	
1881,68	1,55E+0	
1883,19	1,56E+0	
1884,7	1,55E+0	
1886,21	1,55E+0	
1887,71	1,55E+0	
1889,22	1,55E+0	
1890,73	1,55E+0	
1892,24	1,55E+0	
1893,75	1,55E+0	
1895,25	1,55E+0	
1896,76	1,55E+0	
1898,27	1,55E+0	
1899,78	1,55E+0	
1901,29	1,55E+0	
1902,8	1,55E+0	
1904,31	1,55E+0	
1905,82	1,54E+0	
1907,32	1,54E+0	
1908,83	1,54E+0	
1910,34	1,54E+0	
1911,85	1,54E+0	
1913,36	1,54E+0	
1914,87	1,54E+0	
1916,38	1,54E+0	
1917,89	1,54E+0	
1919,4	1,54E+0	
1920,9	1,54E+0	
1922,41	1,54E+0	
1923,92	1,54E+0	
1925,43	1,54E+0	
1926,94	1,54E+0	
1928,45	1,54E+0	
1929,95	1,53E+0	
1931,46	1,53E+0	
1932,97	1,53E+0	
1934,48	1,53E+0	
1935,99	1,53E+0	
1937,5	1,53E+0	
1939,01	1,53E+0	
1940,52	1,53E+0	
1942,02	1,53E+0	
1943,53	1,53E+0	
1945,04	1,53E+0	
1946,55	1,53E+0	
1948,08	1,53E+0	
1949,59	1,53E+0	
1951,1	1,53E+0	
1952,61	1,53E+0	
1954,12	1,52E+0	
1955,63	1,52E+0	
1957,14	1,52E+0	
1958,65	1,52E+0	
1960,15	1,52E+0	
1961,66	1,52E+0	
1963,17	1,52E+0	
1964,68	1,52E+0	
1966,19	1,52E+0	
1967,7	1,52E+0	
1969,21	1,52E+0	
1970,72	1,52E+0	
1972,23	1,52E+0	
1973,73	1,52E+0	
1975,24	1,51E+0	
1976,75	1,51E+0	
1978,26	1,51E+0	
1979,77	1,51E+0	
1981,28	1,51E+0	
1982,78	1,51E+0	
1984,29	1,51E+0	
1985,8	1,51E+0	
1987,31	1,51E+0	
1988,82	1,51E+0	
1990,32	1,51E+0	
1991,83	1,51E+0	
1993,34	1,51E+0	
1994,85	1,51E+0	
1996,36	1,51E+0	
1997,87	1,5E+0	
1999,37	1,51E+0	
2000,88	1,5E+0	
2002,39	1,5E+0	
2003,9	1,5E+0	
2005,41	1,5E+0	
2006,92	1,5E+0	
2008,43	1,5E+0	
2009,94	1,5E+0	
2011,44	1,5E+0	
2012,95	1,5E+0	
2014,46	1,5E+0	
2015,97	1,5E+0	
2017,48	1,5E+0	
2018,99	1,5E+0	
2020,5	1,5E+0	
2022,01	1,49E+0	
2023,52	1,49E+0	
2025,02	1,49E+0	
2026,53	1,49E+0	
2028,04	1,49E+0	
2029,55	1,49E+0	
2031,06	1,49E+0	
2032,57	1,49E+0	
2034,08	1,49E+0	
2035,59	1,49E+0	
2037,09	1,49E+0	
2038,6	1,49E+0	
2040,11	1,49E+0	
2041,62	1,49E+0	
2043,13	1,49E+0	
2044,64	1,49E+0	
2046,15	1,49E+0	
2047,65	1,49E+0	
2049,16	1,48E+0	
2050,67	1,48E+0	
2052,18	1,48E+0	
2053,69	1,48E+0	
2055,2	1,48E+0	
2056,71	1,48E+0	
2058,22	1,48E+0	
2059,72	1,48E+0	
2061,23	1,48E+0	
2062,74	1,48E+0	
2064,25	1,48E+0	
2065,76	1,48E+0	
2067,27	1,48E+0	
2068,78	1,48E+0	
2070,29	1,47E+0	
2071,8	1,48E+0	
2073,31	1,47E+0	
2074,82	1,47E+0	
2076,33	1,47E+0	
2077,84	1,47E+0	
2079,36	1,47E+0	
2080,87	1,47E+0	
2082,38	1,47E+0	
2083,89	1,47E+0	
2085,39	1,47E+0	
2086,91	1,47E+0	
2088,42	1,47E+0	
2089,93	1,47E+0	
2091,44	1,47E+0	
2092,95	1,46E+0	
2094,46	1,47E+0	
2095,97	1,46E+0	
2097,48	1,46E+0	
2099	1,46E+0	
2100,51	1,46E+0	
2102,02	1,46E+0	
2103,52	1,46E+0	
2105,04	1,46E+0	
2106,55	1,46E+0	
2108,06	1,46E+0	
2109,57	1,46E+0	
2111,08	1,46E+0	
2112,59	1,46E+0	
2114,1	1,46E+0	
2115,61	1,46E+0	
2117,12	1,45E+0	
2118,63	1,45E+0	
2120,14	1,45E+0	
2121,65	1,45E+0	
2123,16	1,45E+0	
2124,67	1,45E+0	
2126,18	1,45E+0	
2127,69	1,45E+0	
2129,2	1,45E+0	
2130,71	1,45E+0	
2132,22	1,45E+0	
2133,73	1,45E+0	
2135,24	1,45E+0	
2136,75	1,45E+0	
2138,26	1,45E+0	
2139,77	1,45E+0	
2141,29	1,45E+0	
2142,79	1,45E+0	
2144,31	1,45E+0	
2145,82	1,44E+0	
2147,33	1,44E+0	
2148,84	1,44E+0	
2150,35	1,44E+0	
2151,86	1,44E+0	
2153,37	1,44E+0	
2154,88	1,44E+0	
2156,39	1,44E+0	
2157,9	1,44E+0	
2159,41	1,44E+0	
2160,92	1,44E+0	
2162,43	1,44E+0	
2163,94	1,44E+0	
2165,45	1,44E+0	
2166,96	1,43E+0	
2168,48	1,43E+0	
2169,99	1,43E+0	
2171,5	1,43E+0	
2173,01	1,43E+0	
2174,52	1,43E+0	
2176,02	1,43E+0	
2177,54	1,43E+0	
2179,05	1,43E+0	
2180,56	1,43E+0	
2182,07	1,43E+0	
2183,58	1,43E+0	
2185,09	1,43E+0	
2186,6	1,43E+0	
2188,11	1,43E+0	
2189,62	1,43E+0	
2191,13	1,43E+0	
2192,64	1,42E+0	
2194,15	1,42E+0	
2195,66	1,42E+0	
2197,17	1,42E+0	
2198,68	1,42E+0	
2200,19	1,42E+0	
2201,7	1,42E+0	
2203,21	1,42E+0	
2204,73	1,42E+0	
2206,23	1,42E+0	
2207,75	1,42E+0	
2209,25	1,42E+0	
2210,77	1,42E+0	
2212,27	1,42E+0	
2213,79	1,42E+0	
2215,3	1,42E+0	
2216,81	1,42E+0	
2218,32	1,41E+0	
2219,83	1,41E+0	
2221,34	1,41E+0	
2222,85	1,41E+0	
2224,36	1,41E+0	
2225,87	1,41E+0	
2227,38	1,41E+0	
2228,89	1,41E+0	
2230,4	1,41E+0	
2231,91	1,41E+0	
2233,42	1,41E+0	
2234,93	1,41E+0	
2236,44	1,41E+0	
2237,95	1,4E+0	
2239,46	1,41E+0	
2240,97	1,41E+0	
2242,48	1,4E+0	
2243,99	1,4E+0	
2245,5	1,4E+0	
2247,01	1,4E+0	
2248,52	1,4E+0	
2250,03	1,4E+0	
2251,54	1,4E+0	
2253,05	1,4E+0	
2254,56	1,4E+0	
2256,07	1,4E+0	
2257,58	1,4E+0	
2259,09	1,4E+0	
2260,6	1,4E+0	
2262,12	1,4E+0	
2263,62	1,4E+0	
2265,14	1,4E+0	
2266,64	1,4E+0	
2268,16	1,39E+0	
2269,67	1,39E+0	
2271,18	1,39E+0	
2272,69	1,39E+0	
2274,2	1,39E+0	
2275,71	1,39E+0	
2277,22	1,39E+0	
2278,73	1,39E+0	
2280,24	1,39E+0	
2281,75	1,39E+0	
2283,26	1,39E+0	
2284,77	1,39E+0	
2286,27	1,39E+0	
2287,78	1,39E+0	
2289,29	1,39E+0	
2290,8	1,39E+0	
2292,31	1,38E+0	
2293,82	1,38E+0	
2295,33	1,38E+0	
2296,84	1,38E+0	
2298,35	1,38E+0	
2299,86	1,38E+0	
2301,36	1,38E+0	
2302,87	1,38E+0	
2304,38	1,38E+0	
2305,89	1,38E+0	
2307,4	1,38E+0	
2308,91	1,38E+0	
2310,42	1,38E+0	
2311,93	1,38E+0	
2313,44	1,38E+0	
2314,95	1,38E+0	
2316,46	1,38E+0	
2317,97	1,37E+0	
2319,48	1,37E+0	
2320,99	1,37E+0	
2322,49	1,37E+0	
2324	1,37E+0	
2325,51	1,37E+0	
2327,02	1,37E+0	
2328,53	1,37E+0	
2330,04	1,37E+0	
2331,55	1,37E+0	
2333,06	1,37E+0	
2334,57	1,37E+0	
2336,08	1,37E+0	
2337,59	1,37E+0	
2339,1	1,37E+0	
2340,6	1,37E+0	
2342,11	1,37E+0	
2343,62	1,36E+0	
2345,13	1,36E+0	
2346,64	1,36E+0	
2348,15	1,36E+0	
2349,66	1,36E+0	
2351,17	1,36E+0	
2352,68	1,36E+0	
2354,19	1,36E+0	
2355,69	1,36E+0	
2357,2	1,36E+0	
2358,71	1,36E+0	
2360,22	1,36E+0	
2361,73	1,36E+0	
2363,24	1,36E+0	
2364,75	1,36E+0	
2366,26	1,36E+0	
2367,76	1,35E+0	
2369,27	1,35E+0	
2370,78	1,36E+0	
2372,29	1,35E+0	
2373,8	1,35E+0	
2375,31	1,35E+0	
2376,82	1,35E+0	
2378,32	1,35E+0	
2379,84	1,35E+0	
2381,34	1,35E+0	
2382,85	1,35E+0	
2384,36	1,35E+0	
2385,87	1,35E+0	
2387,38	1,35E+0	
2388,89	1,35E+0	
2390,4	1,35E+0	
2391,9	1,35E+0	
2393,41	1,35E+0	
2394,92	1,34E+0	
2396,43	1,34E+0	
2397,94	1,35E+0	
2399,45	1,34E+0	
2400,96	1,34E+0	
2402,47	1,34E+0	
2403,98	1,34E+0	
2405,48	1,34E+0	
2406,99	1,34E+0	
2408,5	1,34E+0	
2410,01	1,34E+0	
2411,52	1,34E+0	
2413,03	1,34E+0	
2414,53	1,34E+0	
2416,04	1,34E+0	
2417,55	1,34E+0	
2419,06	1,34E+0	
2420,57	1,34E+0	
2422,08	1,34E+0	
2423,59	1,34E+0	
2425,1	1,33E+0	
2426,61	1,33E+0	
2428,11	1,33E+0	
2429,62	1,33E+0	
2431,13	1,33E+0	
2432,64	1,33E+0	
2434,15	1,33E+0	
2435,66	1,33E+0	
2437,17	1,33E+0	
2438,68	1,33E+0	
2440,19	1,33E+0	
2441,7	1,33E+0	
2443,2	1,33E+0	
2444,71	1,33E+0	
2446,22	1,32E+0	
2447,73	1,33E+0	
2449,24	1,32E+0	
2450,75	1,32E+0	
2452,26	1,32E+0	
2453,77	1,32E+0	
2455,27	1,32E+0	
2456,79	1,32E+0	
2458,3	1,32E+0	
2459,8	1,32E+0	
2461,31	1,32E+0	
2462,82	1,32E+0	
2464,33	1,32E+0	
2465,84	1,32E+0	
2467,35	1,32E+0	
2468,86	1,32E+0	
2470,37	1,32E+0	
2471,88	1,32E+0	
2473,39	1,31E+0	
2474,9	1,32E+0	
2476,41	1,31E+0	
2477,92	1,31E+0	
2479,43	1,31E+0	
2480,94	1,31E+0	
2482,45	1,31E+0	
2483,96	1,31E+0	
2485,47	1,31E+0	
2486,98	1,31E+0	
2488,48	1,31E+0	
2489,99	1,31E+0	
2491,5	1,31E+0	
2493,01	1,31E+0	
2494,52	1,31E+0	
2496,03	1,31E+0	
2497,54	1,3E+0	
2499,05	1,31E+0	
2500,56	1,3E+0	
2502,07	1,3E+0	
2503,58	1,3E+0	
2505,09	1,3E+0	
2506,6	1,3E+0	
2508,1	1,3E+0	
2509,61	1,3E+0	
2511,12	1,3E+0	
2512,63	1,3E+0	
2514,14	1,3E+0	
2515,65	1,3E+0	
2517,16	1,3E+0	
2518,67	1,3E+0	
2520,18	1,3E+0	
2521,69	1,3E+0	
2523,2	1,3E+0	
2524,71	1,29E+0	
2526,22	1,29E+0	
2527,73	1,29E+0	
2529,24	1,29E+0	
2530,74	1,29E+0	
2532,25	1,29E+0	
2533,76	1,29E+0	
2535,27	1,29E+0	
2536,78	1,29E+0	
2538,29	1,29E+0	
2539,8	1,29E+0	
2541,31	1,29E+0	
2542,82	1,29E+0	
2544,33	1,29E+0	
2545,84	1,29E+0	
2547,35	1,29E+0	
2548,86	1,28E+0	
2550,37	1,29E+0	
2551,88	1,29E+0	
2553,39	1,28E+0	
2554,9	1,28E+0	
2556,41	1,28E+0	
2557,92	1,28E+0	
2559,43	1,28E+0	
2560,94	1,28E+0	
2562,45	1,28E+0	
2563,96	1,28E+0	
2565,47	1,28E+0	
2566,98	1,28E+0	
2568,48	1,28E+0	
2569,99	1,28E+0	
2571,5	1,28E+0	
2573,01	1,28E+0	
2574,52	1,27E+0	
2576,04	1,27E+0	
2577,55	1,28E+0	
2579,07	1,27E+0	
2580,65	1,27E+0	
2582,23	1,27E+0	
2583,77	1,27E+0	
2585,3	1,27E+0	
2586,81	1,27E+0	
2588,32	1,27E+0	
2589,83	1,27E+0	
2591,34	1,27E+0	
2592,85	1,27E+0	
2594,36	1,27E+0	
2595,88	1,27E+0	
2597,39	1,27E+0	
2598,9	1,27E+0	
2600,41	1,27E+0	
2601,92	1,27E+0	
2603,43	1,26E+0	
2604,93	1,26E+0	
2606,44	1,26E+0	
2607,95	1,26E+0	
2609,46	1,26E+0	
2610,97	1,26E+0	
2612,47	1,26E+0	
2613,98	1,26E+0	
2615,49	1,26E+0	
2617	1,26E+0	
2618,51	1,26E+0	
2620,08	1,26E+0	
2621,68	1,26E+0	
2623,18	1,26E+0	
2624,69	1,26E+0	
2626,2	1,26E+0	
2627,71	1,26E+0	
2629,22	1,26E+0	
2630,73	1,25E+0	
2632,24	1,26E+0	
2633,75	1,25E+0	
2635,26	1,25E+0	
2636,77	1,25E+0	
2638,28	1,25E+0	
2639,79	1,25E+0	
2641,3	1,25E+0	
2642,81	1,25E+0	
2644,32	1,25E+0	
2645,83	1,25E+0	
2647,34	1,25E+0	
2648,85	1,25E+0	
2650,36	1,25E+0	
2651,86	1,25E+0	
2653,37	1,25E+0	
2654,88	1,24E+0	
2656,39	1,25E+0	
2657,9	1,25E+0	
2659,41	1,24E+0	
2660,92	1,24E+0	
2662,43	1,24E+0	
2663,94	1,24E+0	
2665,45	1,24E+0	
2666,96	1,24E+0	
2668,47	1,24E+0	
2669,98	1,24E+0	
2671,49	1,24E+0	
2673	1,24E+0	
2674,5	1,24E+0	
2676,01	1,24E+0	
2677,52	1,24E+0	
2679,03	1,24E+0	
2680,54	1,24E+0	
2682,05	1,24E+0	
2683,55	1,24E+0	
2685,06	1,24E+0	
2686,57	1,23E+0	
2688,09	1,23E+0	
2689,59	1,23E+0	
2691,1	1,23E+0	
2692,61	1,23E+0	
2694,12	1,23E+0	
2695,63	1,23E+0	
2697,14	1,23E+0	
2698,65	1,23E+0	
2700,16	1,23E+0	
2701,66	1,23E+0	
2703,18	1,23E+0	
2704,68	1,23E+0	
2706,19	1,23E+0	
2707,7	1,23E+0	
2709,21	1,23E+0	
2710,72	1,23E+0	
2712,23	1,23E+0	
2713,74	1,23E+0	
2715,25	1,23E+0	
2716,76	1,22E+0	
2718,27	1,22E+0	
2719,77	1,22E+0	
2721,28	1,22E+0	
2722,79	1,22E+0	
2724,3	1,22E+0	
2725,81	1,22E+0	
2727,32	1,22E+0	
2728,83	1,22E+0	
2730,34	1,22E+0	
2731,85	1,22E+0	
2733,36	1,22E+0	
2734,87	1,22E+0	
2736,38	1,22E+0	
2737,89	1,22E+0	
2739,4	1,22E+0	
2740,91	1,22E+0	
2742,42	1,22E+0	
2743,93	1,21E+0	
2745,44	1,21E+0	
2746,95	1,21E+0	
2748,46	1,21E+0	
2749,97	1,21E+0	
2751,48	1,21E+0	
2752,98	1,21E+0	
2754,49	1,21E+0	
2756	1,21E+0	
2757,51	1,21E+0	
2759,02	1,21E+0	
2760,53	1,21E+0	
2762,04	1,21E+0	
2763,55	1,21E+0	
2765,06	1,21E+0	
2766,57	1,21E+0	
2768,07	1,21E+0	
2769,58	1,21E+0	
2771,09	1,21E+0	
2772,6	1,2E+0	
2774,11	1,2E+0	
2775,61	1,2E+0	
2777,12	1,2E+0	
2778,63	1,2E+0	
2780,14	1,2E+0	
2781,65	1,2E+0	
2783,16	1,2E+0	
2784,67	1,2E+0	
2786,18	1,2E+0	
2787,69	1,2E+0	
2789,2	1,2E+0	
2790,7	1,2E+0	
2792,22	1,2E+0	
2793,72	1,2E+0	
2795,23	1,2E+0	
2796,74	1,2E+0	
2798,25	1,2E+0	
2799,76	1,2E+0	
2801,27	1,2E+0	
2802,78	1,2E+0	
2804,28	1,19E+0	
2805,8	1,19E+0	
2807,3	1,19E+0	
2808,81	1,19E+0	
2810,32	1,19E+0	
2811,83	1,19E+0	
2813,34	1,19E+0	
2814,85	1,19E+0	
2816,36	1,19E+0	
2817,87	1,19E+0	
2819,38	1,19E+0	
2820,89	1,19E+0	
2822,4	1,19E+0	
2823,91	1,19E+0	
2825,41	1,19E+0	
2826,93	1,19E+0	
2828,43	1,19E+0	
2829,94	1,19E+0	
2831,45	1,19E+0	
2832,96	1,18E+0	
2834,47	1,18E+0	
2835,98	1,18E+0	
2837,49	1,18E+0	
2839	1,18E+0	
2840,51	1,18E+0	
2842,02	1,18E+0	
2843,53	1,18E+0	
2845,04	1,18E+0	
2846,55	1,18E+0	
2848,06	1,18E+0	
2849,57	1,18E+0	
2851,08	1,18E+0	
2852,59	1,18E+0	
2854,1	1,18E+0	
2855,61	1,18E+0	
2857,11	1,18E+0	
2858,62	1,18E+0	
2860,13	1,18E+0	
2861,64	1,17E+0	
2863,15	1,17E+0	
2864,66	1,17E+0	
2866,17	1,17E+0	
2867,68	1,17E+0	
2869,19	1,17E+0	
2870,7	1,17E+0	
2872,21	1,17E+0	
2873,72	1,17E+0	
2875,23	1,17E+0	
2876,74	1,17E+0	
2878,25	1,17E+0	
2879,76	1,17E+0	
2881,27	1,17E+0	
2882,78	1,17E+0	
2884,29	1,17E+0	
2885,8	1,17E+0	
2887,31	1,17E+0	
2888,82	1,17E+0	
2890,32	1,17E+0	
2891,83	1,16E+0	
2893,34	1,16E+0	
2894,85	1,16E+0	
2896,36	1,16E+0	
2897,87	1,16E+0	
2899,38	1,16E+0	
2900,89	1,16E+0	
2902,4	1,16E+0	
2903,91	1,16E+0	
2905,42	1,16E+0	
2906,93	1,16E+0	
2908,44	1,16E+0	
2909,95	1,16E+0	
2911,46	1,16E+0	
2912,97	1,16E+0	
2914,48	1,16E+0	
2915,98	1,16E+0	
2917,49	1,16E+0	
2919	1,16E+0	
2920,51	1,15E+0	
2922,02	1,15E+0	
2923,53	1,15E+0	
2925,04	1,15E+0	
2926,55	1,15E+0	
2928,06	1,15E+0	
2929,57	1,15E+0	
2931,08	1,15E+0	
2932,59	1,15E+0	
2934,1	1,15E+0	
2935,6	1,15E+0	
2937,11	1,15E+0	
2938,62	1,15E+0	
2940,13	1,15E+0	
2941,64	1,15E+0	
2943,15	1,15E+0	
2944,66	1,15E+0	
2946,17	1,15E+0	
2947,67	1,15E+0	
2949,18	1,15E+0	
2950,69	1,15E+0	
2952,2	1,14E+0	
2953,71	1,14E+0	
2955,22	1,14E+0	
2956,73	1,14E+0	
2958,24	1,14E+0	
2959,75	1,14E+0	
2961,26	1,14E+0	
2962,76	1,14E+0	
2964,27	1,14E+0	
2965,78	1,14E+0	
2967,29	1,14E+0	
2968,8	1,14E+0	
2970,31	1,14E+0	
2971,82	1,14E+0	
2973,33	1,14E+0	
2974,84	1,14E+0	
2976,35	1,14E+0	
2977,86	1,14E+0	
2979,36	1,14E+0	
2980,87	1,14E+0	
2982,38	1,14E+0	
2983,89	1,13E+0	
2985,4	1,13E+0	
2986,91	1,13E+0	
2988,42	1,13E+0	
2989,93	1,13E+0	
2991,44	1,13E+0	
2992,95	1,13E+0	
2994,46	1,13E+0	
2995,97	1,13E+0	
2997,48	1,13E+0	
2998,98	1,13E+0	
3000,49	1,13E+0	
3002	1,13E+0	
3003,51	1,13E+0	
3005,02	1,13E+0	
3006,53	1,13E+0	
3008,04	1,13E+0	
3009,55	1,13E+0	
3011,06	1,13E+0	
3012,57	1,13E+0	
3014,08	1,13E+0	
3015,59	1,12E+0	
3017,1	1,12E+0	
3018,61	1,12E+0	
3020,11	1,12E+0	
3021,62	1,12E+0	
3023,13	1,12E+0	
3024,64	1,12E+0	
3026,15	1,12E+0	
3027,68	1,12E+0	
3029,19	1,12E+0	
3030,7	1,12E+0	
3032,21	1,12E+0	
3033,72	1,12E+0	
3035,23	1,12E+0	
3036,74	1,12E+0	
3038,25	1,12E+0	
3039,76	1,12E+0	
3041,27	1,12E+0	
3042,78	1,12E+0	
3044,29	1,11E+0	
3045,8	1,11E+0	
3047,31	1,11E+0	
3048,82	1,11E+0	
3050,33	1,11E+0	
3051,84	1,11E+0	
3053,35	1,11E+0	
3054,86	1,11E+0	
3056,36	1,11E+0	
3057,87	1,11E+0	
3059,38	1,11E+0	
3060,89	1,11E+0	
3062,4	1,11E+0	
3063,91	1,11E+0	
3065,42	1,11E+0	
3066,94	1,11E+0	
3068,45	1,11E+0	
3069,96	1,11E+0	
3071,47	1,1E+0	
3072,98	1,1E+0	
3074,49	1,1E+0	
3076	1,1E+0	
3077,51	1,1E+0	
3079,02	1,1E+0	
3080,53	1,1E+0	
3082,04	1,1E+0	
3083,55	1,1E+0	
3085,06	1,1E+0	
3086,57	1,1E+0	
3088,07	1,1E+0	
3089,59	1,1E+0	
3091,09	1,1E+0	
3092,6	1,1E+0	
3094,11	1,1E+0	
3095,62	1,1E+0	
3097,13	1,1E+0	
3098,64	1,1E+0	
3100,15	1,1E+0	
3101,66	1,1E+0	
3103,17	1,09E+0	
3104,67	1,09E+0	
3106,18	1,09E+0	
3107,69	1,09E+0	
3109,2	1,09E+0	
3110,71	1,09E+0	
3112,22	1,09E+0	
3113,73	1,09E+0	
3115,24	1,09E+0	
3116,75	1,09E+0	
3118,26	1,09E+0	
3119,76	1,09E+0	
3121,27	1,09E+0	
3122,78	1,09E+0	
3124,29	1,09E+0	
3125,8	1,09E+0	
3127,31	1,09E+0	
3128,82	1,09E+0	
3130,33	1,09E+0	
3131,84	1,09E+0	
3133,35	1,09E+0	
3134,86	1,08E+0	
3136,36	1,08E+0	
3137,87	1,08E+0	
3139,38	1,08E+0	
3140,89	1,08E+0	
3142,4	1,08E+0	
3143,91	1,08E+0	
3145,42	1,08E+0	
3146,93	1,08E+0	
3148,44	1,08E+0	
3149,95	1,08E+0	
3151,46	1,08E+0	
3152,97	1,08E+0	
3154,48	1,08E+0	
3155,99	1,08E+0	
3157,5	1,08E+0	
3159,01	1,08E+0	
3160,52	1,08E+0	
3162,03	1,08E+0	
3163,53	1,08E+0	
3165,05	1,08E+0	
3166,55	1,08E+0	
3168,06	1,07E+0	
3169,57	1,07E+0	
3171,08	1,07E+0	
3172,59	1,07E+0	
3174,1	1,07E+0	
3175,61	1,07E+0	
3177,12	1,07E+0	
3178,63	1,07E+0	
3180,14	1,07E+0	
3181,65	1,07E+0	
3183,16	1,07E+0	
3184,67	1,07E+0	
3186,18	1,07E+0	
3187,69	1,07E+0	
3189,2	1,07E+0	
3190,7	1,07E+0	
3192,22	1,07E+0	
3193,73	1,07E+0	
3195,23	1,07E+0	
3196,74	1,06E+0	
3198,25	1,07E+0	
3199,76	1,06E+0	
3201,27	1,06E+0	
3202,78	1,06E+0	
3204,29	1,06E+0	
3205,8	1,06E+0	
3207,31	1,06E+0	
3208,82	1,06E+0	
3210,33	1,06E+0	
3211,84	1,06E+0	
3213,35	1,06E+0	
3214,86	1,06E+0	
3216,37	1,06E+0	
3217,88	1,06E+0	
3219,39	1,06E+0	
3220,97	1,06E+0	
3222,48	1,06E+0	
3223,98	1,06E+0	
3225,49	1,06E+0	
3227	1,06E+0	
3228,51	1,05E+0	
3230,02	1,05E+0	
3231,53	1,05E+0	
3233,04	1,05E+0	
3234,55	1,05E+0	
3236,06	1,05E+0	
3237,57	1,05E+0	
3239,08	1,05E+0	
3240,59	1,05E+0	
3242,1	1,05E+0	
3243,61	1,05E+0	
3245,12	1,05E+0	
3246,63	1,05E+0	
3248,14	1,05E+0	
3249,65	1,05E+0	
3251,16	1,05E+0	
3252,66	1,05E+0	
3254,18	1,05E+0	
3255,68	1,05E+0	
3257,19	1,05E+0	
3258,7	1,05E+0	
3260,21	1,05E+0	
3261,72	1,05E+0	
3263,23	1,04E+0	
3264,74	1,04E+0	
3266,25	1,04E+0	
3267,76	1,04E+0	
3269,27	1,04E+0	
3270,78	1,04E+0	
3272,29	1,04E+0	
3273,8	1,04E+0	
3275,31	1,04E+0	
3276,82	1,04E+0	
3278,33	1,04E+0	
3279,84	1,04E+0	
3281,35	1,04E+0	
3282,86	1,04E+0	
3284,37	1,04E+0	
3285,88	1,04E+0	
3287,39	1,04E+0	
3288,9	1,04E+0	
3290,41	1,04E+0	
3291,92	1,04E+0	
3293,43	1,04E+0	
3294,94	1,03E+0	
3296,44	1,03E+0	
3297,95	1,03E+0	
3299,46	1,03E+0	
3300,97	1,03E+0	
3302,48	1,03E+0	
3303,99	1,03E+0	
3305,5	1,03E+0	
3307,01	1,03E+0	
3308,52	1,03E+0	
3310,03	1,03E+0	
3311,54	1,03E+0	
3313,05	1,03E+0	
3314,56	1,03E+0	
3316,07	1,03E+0	
3317,58	1,03E+0	
3319,09	1,03E+0	
3320,6	1,03E+0	
3322,11	1,03E+0	
3323,62	1,03E+0	
3325,13	1,03E+0	
3326,64	1,03E+0	
3328,15	1,03E+0	
3329,66	1,02E+0	
3331,17	1,02E+0	
3332,68	1,02E+0	
3334,18	1,02E+0	
3335,69	1,02E+0	
3337,2	1,02E+0	
3338,71	1,02E+0	
3340,22	1,02E+0	
3341,73	1,02E+0	
3343,24	1,02E+0	
3344,75	1,02E+0	
3346,26	1,02E+0	
3347,76	1,02E+0	
3349,27	1,02E+0	
3350,78	1,02E+0	
3352,29	1,02E+0	
3353,8	1,02E+0	
3355,31	1,02E+0	
3356,82	1,02E+0	
3358,32	1,02E+0	
3359,84	1,02E+0	
3361,34	1,01E+0	
3362,85	1,02E+0	
3364,36	1,01E+0	
3365,87	1,01E+0	
3367,38	1,01E+0	
3368,89	1,01E+0	
3370,4	1,01E+0	
3371,91	1,01E+0	
3373,42	1,01E+0	
3374,93	1,01E+0	
3376,44	1,01E+0	
3377,94	1,01E+0	
3379,45	1,01E+0	
3380,96	1,01E+0	
3382,47	1,01E+0	
3383,98	1,01E+0	
3385,49	1,01E+0	
3387	1,01E+0	
3388,51	1,01E+0	
3390,02	1,01E+0	
3391,53	1,01E+0	
3393,03	1,01E+0	
3394,55	1,01E+0	
3396,05	1E+0	
3397,56	1E+0	
3399,07	1E+0	
3400,58	1E+0	
3402,09	1E+0	
3403,6	1E+0	
3405,11	1E+0	
3406,62	1E+0	
3408,13	1E+0	
3409,64	1E+0	
3411,15	1E+0	
3412,66	1E+0	
3414,17	1E+0	
3415,68	9,99E-1	
3417,19	9,99E-1	
3418,7	9,99E-1	
3420,21	9,98E-1	
3421,72	9,98E-1	
3423,23	9,98E-1	
3424,74	9,97E-1	
3426,24	9,96E-1	
3427,75	9,96E-1	
3429,26	9,95E-1	
3430,77	9,96E-1	
3432,28	9,96E-1	
3433,79	9,95E-1	
3435,3	9,94E-1	
3436,81	9,94E-1	
3438,32	9,94E-1	
3439,82	9,92E-1	
3441,33	9,92E-1	
3442,84	9,93E-1	
3444,35	9,92E-1	
3445,86	9,92E-1	
3447,37	9,91E-1	
3448,88	9,91E-1	
3450,39	9,9E-1	
3451,89	9,9E-1	
3453,4	9,89E-1	
3454,91	9,89E-1	
3456,42	9,89E-1	
3457,93	9,88E-1	
3459,44	9,88E-1	
3460,95	9,88E-1	
3462,46	9,87E-1	
3463,97	9,86E-1	
3465,48	9,86E-1	
3466,98	9,85E-1	
3468,49	9,85E-1	
3470	9,84E-1	
3471,51	9,85E-1	
3473,02	9,84E-1	
3474,53	9,84E-1	
3476,04	9,83E-1	
3477,55	9,82E-1	
3479,06	9,82E-1	
3480,57	9,82E-1	
3482,08	9,81E-1	
3483,59	9,8E-1	
3485,1	9,8E-1	
3486,61	9,8E-1	
3488,11	9,79E-1	
3489,62	9,78E-1	
3491,13	9,79E-1	
3492,64	9,78E-1	
3494,15	9,78E-1	
3495,66	9,77E-1	
3497,17	9,77E-1	
3498,68	9,76E-1	
3500,19	9,76E-1	
3501,7	9,75E-1	
3503,21	9,75E-1	
3504,72	9,75E-1	
3506,23	9,75E-1	
3507,74	9,74E-1	
3509,25	9,74E-1	
3510,76	9,73E-1	
3512,27	9,73E-1	
3513,78	9,72E-1	
3515,28	9,72E-1	
3516,79	9,71E-1	
3518,3	9,71E-1	
3519,81	9,7E-1	
3521,32	9,69E-1	
3522,83	9,69E-1	
3524,34	9,69E-1	
3525,84	9,69E-1	
3527,36	9,69E-1	
3528,86	9,68E-1	
3530,37	9,68E-1	
3531,88	9,67E-1	
3533,39	9,66E-1	
3534,9	9,66E-1	
3536,41	9,66E-1	
3537,92	9,64E-1	
3539,43	9,66E-1	
3540,94	9,65E-1	
3542,45	9,64E-1	
3543,96	9,64E-1	
3545,47	9,63E-1	
3546,97	9,63E-1	
3548,48	9,63E-1	
3549,99	9,62E-1	
3551,5	9,61E-1	
3553,01	9,61E-1	
3554,52	9,6E-1	
3556,03	9,59E-1	
3557,54	9,59E-1	
3559,05	9,59E-1	
3560,56	9,59E-1	
3562,07	9,59E-1	
3563,58	9,58E-1	
3565,09	9,58E-1	
3566,6	9,57E-1	
3568,11	9,56E-1	
3569,61	9,56E-1	
3571,12	9,56E-1	
3572,63	9,55E-1	
3574,14	9,55E-1	
3575,65	9,54E-1	
3577,16	9,54E-1	
3578,67	9,54E-1	
3580,18	9,53E-1	
3581,69	9,53E-1	
3583,2	9,53E-1	
3584,71	9,52E-1	
3586,22	9,52E-1	
3587,73	9,51E-1	
3589,24	9,5E-1	
3590,75	9,5E-1	
3592,26	9,49E-1	
3593,77	9,49E-1	
3595,27	9,49E-1	
3596,78	9,49E-1	
3598,29	9,48E-1	
3599,8	9,48E-1	
3601,31	9,47E-1	
3602,82	9,47E-1	
3604,33	9,46E-1	
3605,84	9,46E-1	
3607,35	9,46E-1	
3608,86	9,45E-1	
3610,36	9,45E-1	
3611,87	9,45E-1	
3613,38	9,44E-1	
3614,89	9,44E-1	
3616,4	9,43E-1	
3617,91	9,43E-1	
3619,42	9,42E-1	
3620,93	9,42E-1	
3622,44	9,41E-1	
3623,94	9,41E-1	
3625,45	9,4E-1	
3626,96	9,4E-1	
3628,47	9,39E-1	
3629,98	9,4E-1	
3631,49	9,39E-1	
3633	9,38E-1	
3634,51	9,38E-1	
3636,02	9,38E-1	
3637,53	9,37E-1	
3639,04	9,37E-1	
3640,55	9,37E-1	
3642,06	9,37E-1	
3643,57	9,36E-1	
3645,08	9,36E-1	
3646,59	9,36E-1	
3648,1	9,35E-1	
3649,6	9,34E-1	
3651,11	9,34E-1	
3652,62	9,33E-1	
3654,13	9,33E-1	
3655,64	9,32E-1	
3657,15	9,32E-1	
3658,66	9,32E-1	
3660,17	9,31E-1	
3661,68	9,3E-1	
3663,19	9,31E-1	
3664,7	9,31E-1	
3666,21	9,3E-1	
3667,72	9,3E-1	
3669,23	9,29E-1	
3670,74	9,29E-1	
3672,25	9,28E-1	
3673,76	9,28E-1	
3675,27	9,27E-1	
3676,78	9,27E-1	
3678,28	9,26E-1	
3679,8	9,27E-1	
3681,31	9,26E-1	
3682,82	9,26E-1	
3684,33	9,25E-1	
3685,84	9,25E-1	
3687,35	9,24E-1	
3688,86	9,24E-1	
3690,36	9,24E-1	
3691,87	9,23E-1	
3693,38	9,22E-1	
3694,89	9,22E-1	
3696,4	9,21E-1	
3697,91	9,21E-1	
3699,42	9,21E-1	
3700,93	9,2E-1	
3702,44	9,2E-1	
3703,95	9,2E-1	
3705,46	9,2E-1	
3706,97	9,2E-1	
3708,48	9,19E-1	
3709,99	9,19E-1	
3711,5	9,18E-1	
3713,01	9,17E-1	
3714,52	9,17E-1	
3716,03	9,16E-1	
3717,54	9,17E-1	
3719,05	9,17E-1	
3720,56	9,16E-1	
3722,07	9,16E-1	
3723,57	9,15E-1	
3725,08	9,15E-1	
3726,59	9,14E-1	
3728,1	9,14E-1	
3729,61	9,13E-1	
3731,12	9,13E-1	
3732,63	9,13E-1	
3734,14	9,13E-1	
3735,65	9,13E-1	
3737,16	9,12E-1	
3738,67	9,11E-1	
3740,18	9,11E-1	
3741,69	9,1E-1	
3743,2	9,1E-1	
3744,71	9,09E-1	
3746,22	9,09E-1	
3747,73	9,09E-1	
3749,24	9,08E-1	
3750,74	9,09E-1	
3752,26	9,08E-1	
3753,76	9,08E-1	
3755,28	9,07E-1	
3756,79	9,07E-1	
3758,3	9,06E-1	
3759,81	9,06E-1	
3761,32	9,06E-1	
3762,83	9,05E-1	
3764,34	9,04E-1	
3765,85	9,04E-1	
3767,36	9,03E-1	
3768,86	9,03E-1	
3770,37	9,02E-1	
3771,88	9,03E-1	
3773,39	9,02E-1	
3774,9	9,02E-1	
3776,41	9,01E-1	
3777,92	9,01E-1	
3779,43	9,01E-1	
3780,93	9E-1	
3782,44	9E-1	
3783,95	8,99E-1	
3785,46	8,99E-1	
3786,97	8,99E-1	
3788,48	8,99E-1	
3789,99	8,98E-1	
3791,5	8,98E-1	
3793,01	8,97E-1	
3794,52	8,97E-1	
3796,03	8,96E-1	
3797,53	8,96E-1	
3799,05	8,96E-1	
3800,55	8,94E-1	
3802,06	8,94E-1	
3803,57	8,93E-1	
3805,08	8,93E-1	
3806,59	8,93E-1	
3808,1	8,93E-1	
3809,61	8,93E-1	
3811,12	8,92E-1	
3812,63	8,92E-1	
3814,14	8,91E-1	
3815,65	8,91E-1	
3817,16	8,9E-1	
3818,66	8,9E-1	
3820,41	8,89E-1	
3821,92	8,9E-1	
3823,43	8,89E-1	
3824,94	8,89E-1	
3826,45	8,88E-1	
3827,96	8,88E-1	
3829,47	8,87E-1	
3830,98	8,87E-1	
3832,49	8,86E-1	
3834	8,86E-1	
3835,51	8,85E-1	
3837,02	8,86E-1	
3838,53	8,85E-1	
3840,03	8,85E-1	
3841,55	8,84E-1	
3843,05	8,84E-1	
3844,57	8,83E-1	
3846,07	8,82E-1	
3847,58	8,83E-1	
3849,09	8,82E-1	
3850,6	8,82E-1	
3852,11	8,81E-1	
3853,62	8,81E-1	
3855,13	8,8E-1	
3856,64	8,8E-1	
3858,15	8,79E-1	
3859,66	8,79E-1	
3861,17	8,78E-1	
3862,68	8,78E-1	
3864,19	8,78E-1	
3865,7	8,78E-1	
3867,21	8,77E-1	
3868,72	8,77E-1	
3870,23	8,76E-1	
3871,74	8,76E-1	
3873,24	8,75E-1	
3874,76	8,75E-1	
3876,26	8,75E-1	
3877,77	8,75E-1	
3879,29	8,74E-1	
3880,8	8,74E-1	
3882,31	8,73E-1	
3883,82	8,73E-1	
3885,33	8,72E-1	
3886,84	8,72E-1	
3888,35	8,71E-1	
3889,85	8,72E-1	
3891,36	8,71E-1	
3892,87	8,71E-1	
3894,38	8,7E-1	
3895,9	8,7E-1	
3897,41	8,69E-1	
3898,92	8,69E-1	
3900,43	8,68E-1	
3901,94	8,68E-1	
3903,45	8,68E-1	
3904,95	8,68E-1	
3906,47	8,68E-1	
3907,97	8,67E-1	
3909,48	8,67E-1	
3910,99	8,66E-1	
3912,5	8,66E-1	
3914,01	8,66E-1	
3915,52	8,65E-1	
3917,03	8,64E-1	
3918,54	8,64E-1	
3920,05	8,64E-1	
3921,55	8,63E-1	
3923,06	8,63E-1	
3924,57	8,62E-1	
3926,08	8,62E-1	
3927,59	8,61E-1	
3929,1	8,61E-1	
3930,61	8,61E-1	
3932,12	8,6E-1	
3933,63	8,59E-1	
3935,14	8,6E-1	
3936,64	8,59E-1	
3938,15	8,59E-1	
3939,66	8,58E-1	
3941,17	8,58E-1	
3942,68	8,57E-1	
3944,19	8,57E-1	
3945,7	8,57E-1	
3947,21	8,56E-1	
3948,72	8,56E-1	
3950,23	8,55E-1	
3951,73	8,55E-1	
3953,24	8,54E-1	
3954,75	8,55E-1	
3956,26	8,54E-1	
3957,77	8,53E-1	
3959,28	8,53E-1	
3960,79	8,53E-1	
3962,3	8,52E-1	
3963,81	8,52E-1	
3965,32	8,51E-1	
3966,83	8,51E-1	
3968,34	8,5E-1	
3969,85	8,5E-1	
3971,36	8,5E-1	
3972,87	8,5E-1	
3974,38	8,49E-1	
3975,89	8,49E-1	
3977,4	8,48E-1	
3978,91	8,48E-1	
3980,42	8,48E-1	
3981,93	8,47E-1	
3983,44	8,47E-1	
3984,95	8,46E-1	
3986,45	8,47E-1	
3987,97	8,46E-1	
3989,47	8,46E-1	
3990,98	8,45E-1	
3992,49	8,45E-1	
3994	8,44E-1	
3995,51	8,43E-1	
3997,02	8,43E-1	
3998,53	8,43E-1	
4000,04	8,42E-1	
4001,55	8,42E-1	
4003,06	8,42E-1	
4004,57	8,42E-1	
4006,08	8,41E-1	
4007,59	8,41E-1	
4009,1	8,4E-1	
4010,61	8,4E-1	
4012,11	8,39E-1	
4013,62	8,39E-1	
4015,13	8,39E-1	
4016,64	8,39E-1	
4018,15	8,39E-1	
4019,66	8,38E-1	
4021,17	8,38E-1	
4022,68	8,37E-1	
4024,19	8,37E-1	
4025,7	8,36E-1	
4027,21	8,36E-1	
4028,72	8,36E-1	
4030,23	8,36E-1	
4031,74	8,36E-1	
4033,25	8,35E-1	
4034,76	8,35E-1	
4036,27	8,34E-1	
4037,78	8,34E-1	
4039,29	8,34E-1	
4040,8	8,34E-1	
4042,31	8,33E-1	
4043,82	8,33E-1	
4045,32	8,32E-1	
4046,84	8,32E-1	
4048,34	8,32E-1	
4049,85	8,31E-1	
4051,36	8,3E-1	
4052,87	8,3E-1	
4054,38	8,3E-1	
4055,89	8,3E-1	
4057,4	8,3E-1	
4058,91	8,29E-1	
4060,42	8,29E-1	
4061,93	8,28E-1	
4063,44	8,28E-1	
4064,95	8,27E-1	
4066,46	8,28E-1	
4067,97	8,27E-1	
4069,48	8,27E-1	
4070,99	8,27E-1	
4072,5	8,26E-1	
4074,01	8,26E-1	
4075,52	8,25E-1	
4077,02	8,24E-1	
4078,53	8,24E-1	
4080,04	8,24E-1	
4081,55	8,24E-1	
4083,06	8,24E-1	
4084,57	8,23E-1	
4086,1	8,22E-1	
4087,61	8,23E-1	
4089,12	8,22E-1	
4090,63	8,22E-1	
4092,14	8,21E-1	
4093,65	8,21E-1	
4095,15	8,21E-1	
4096,66	8,2E-1	
4098,17	8,19E-1	
4099,68	8,19E-1	
4101,19	8,19E-1	
4102,7	8,19E-1	
4104,21	8,19E-1	
4105,72	8,18E-1	
4107,23	8,18E-1	
4108,73	8,17E-1	
4110,24	8,17E-1	
4111,75	8,16E-1	
4113,26	8,17E-1	
4114,77	8,16E-1	
4116,28	8,16E-1	
4117,79	8,15E-1	
4119,3	8,15E-1	
4120,81	8,14E-1	
4122,31	8,14E-1	
4123,83	8,14E-1	
4125,34	8,13E-1	
4126,85	8,12E-1	
4128,36	8,13E-1	
4129,86	8,12E-1	
4131,37	8,12E-1	
4132,88	8,12E-1	
4134,39	8,11E-1	
4135,9	8,11E-1	
4137,41	8,1E-1	
4138,92	8,1E-1	
4140,43	8,1E-1	
4141,94	8,1E-1	
4143,45	8,09E-1	
4144,96	8,09E-1	
4146,47	8,08E-1	
4147,98	8,08E-1	
4149,48	8,08E-1	
4150,99	8,07E-1	
4152,5	8,07E-1	
4154,01	8,06E-1	
4155,52	8,06E-1	
4157,03	8,05E-1	
4158,54	8,05E-1	
4160,05	8,05E-1	
4161,56	8,05E-1	
4163,07	8,04E-1	
4164,57	8,04E-1	
4166,08	8,03E-1	
4167,59	8,02E-1	
4169,1	8,03E-1	
4170,61	8,02E-1	
4172,12	8,02E-1	
4173,63	8,02E-1	
4175,14	8,01E-1	
4176,65	8,01E-1	
4178,15	8E-1	
4179,66	8E-1	
4181,17	7,99E-1	
4182,68	8E-1	
4184,19	7,99E-1	
4185,7	7,99E-1	
4187,21	7,98E-1	
4188,72	7,98E-1	
4190,23	7,97E-1	
4191,73	7,98E-1	
4193,24	7,97E-1	
4194,75	7,97E-1	
4196,26	7,97E-1	
4197,77	7,96E-1	
4199,28	7,95E-1	
4200,79	7,95E-1	
4202,3	7,95E-1	
4203,81	7,94E-1	
4205,32	7,94E-1	
4206,83	7,94E-1	
4208,34	7,93E-1	
4209,85	7,93E-1	
4211,35	7,93E-1	
4212,86	7,92E-1	
4214,37	7,92E-1	
4215,88	7,92E-1	
4217,39	7,91E-1	
4218,9	7,91E-1	
4220,41	7,9E-1	
4221,92	7,9E-1	
4223,43	7,9E-1	
4224,94	7,89E-1	
4226,45	7,89E-1	
4227,96	7,89E-1	
4229,47	7,88E-1	
4230,98	7,87E-1	
4232,49	7,87E-1	
4234	7,87E-1	
4235,51	7,86E-1	
4237,02	7,87E-1	
4238,52	7,86E-1	
4240,03	7,86E-1	
4241,54	7,86E-1	
4243,05	7,85E-1	
4244,56	7,85E-1	
4246,07	7,84E-1	
4247,58	7,84E-1	
4249,09	7,83E-1	
4250,6	7,83E-1	
4252,11	7,83E-1	
4253,62	7,82E-1	
4255,13	7,82E-1	
4256,64	7,83E-1	
4258,15	7,82E-1	
4259,65	7,81E-1	
4261,16	7,81E-1	
4262,67	7,81E-1	
4264,19	7,81E-1	
4265,71	7,8E-1	
4267,22	7,8E-1	
4268,72	7,79E-1	
4270,23	7,79E-1	
4271,74	7,78E-1	
4273,25	7,78E-1	
4274,76	7,78E-1	
4276,27	7,77E-1	
4277,77	7,77E-1	
4279,28	7,77E-1	
4280,8	7,76E-1	
4282,31	7,76E-1	
4283,81	7,75E-1	
4285,32	7,75E-1	
4286,83	7,74E-1	
4288,34	7,74E-1	
4289,85	7,74E-1	
4291,36	7,74E-1	
4292,87	7,74E-1	
4294,38	7,73E-1	
4295,89	7,73E-1	
4297,4	7,73E-1	
4298,9	7,72E-1	
4300,42	7,72E-1	
4301,93	7,71E-1	
4303,44	7,71E-1	
4304,94	7,7E-1	
4306,45	7,7E-1	
4307,96	7,7E-1	
4309,47	7,69E-1	
4310,98	7,69E-1	
4312,49	7,69E-1	
4314	7,69E-1	
4315,51	7,69E-1	
4317,02	7,68E-1	
4318,53	7,68E-1	
4320,04	7,68E-1	
4321,55	7,67E-1	
4323,06	7,66E-1	
4324,57	7,66E-1	
4326,08	7,66E-1	
4327,59	7,65E-1	
4329,1	7,65E-1	
4330,61	7,64E-1	
4332,12	7,64E-1	
4333,63	7,64E-1	
4335,14	7,63E-1	
4336,65	7,62E-1	
4338,16	7,63E-1	
4339,67	7,62E-1	
4341,18	7,62E-1	
4342,69	7,61E-1	
4344,19	7,61E-1	
4345,7	7,61E-1	
4347,21	7,6E-1	
4348,72	7,6E-1	
4350,23	7,59E-1	
4351,74	7,59E-1	
4353,25	7,58E-1	
4354,76	7,59E-1	
4356,27	7,58E-1	
4357,77	7,58E-1	
4359,28	7,58E-1	
4360,79	7,57E-1	
4362,3	7,57E-1	
4363,81	7,56E-1	
4365,32	7,56E-1	
4366,83	7,56E-1	
4368,34	7,55E-1	
4369,85	7,55E-1	
4371,36	7,54E-1	
4372,87	7,54E-1	
4374,38	7,54E-1	
4375,89	7,53E-1	
4377,4	7,53E-1	
4378,9	7,52E-1	
4380,41	7,52E-1	
4381,93	7,52E-1	
4383,44	7,52E-1	
4384,94	7,52E-1	
4386,45	7,51E-1	
4387,96	7,51E-1	
4389,47	7,51E-1	
4390,98	7,5E-1	
4392,49	7,5E-1	
4394	7,49E-1	
4395,51	7,49E-1	
4397,02	7,49E-1	
4398,53	7,48E-1	
4400,04	7,48E-1	
4401,55	7,48E-1	
4403,06	7,47E-1	
4404,57	7,47E-1	
4406,08	7,47E-1	
4407,59	7,47E-1	
4409,1	7,46E-1	
4410,61	7,46E-1	
4412,12	7,45E-1	
4413,63	7,45E-1	
4415,14	7,45E-1	
4416,65	7,45E-1	
4418,16	7,44E-1	
4419,67	7,44E-1	
4421,18	7,44E-1	
4422,69	7,43E-1	
4424,2	7,43E-1	
4425,71	7,43E-1	
4427,22	7,42E-1	
4428,73	7,42E-1	
4430,24	7,42E-1	
4431,75	7,41E-1	
4433,26	7,41E-1	
4434,77	7,41E-1	
4436,27	7,4E-1	
4437,78	7,4E-1	
4439,29	7,39E-1	
4440,8	7,39E-1	
4442,31	7,39E-1	
4443,82	7,38E-1	
4445,33	7,38E-1	
4446,84	7,37E-1	
4448,35	7,37E-1	
4449,86	7,37E-1	
4451,37	7,36E-1	
4452,88	7,36E-1	
4454,39	7,36E-1	
4455,9	7,35E-1	
4457,4	7,35E-1	
4458,92	7,35E-1	
4460,43	7,34E-1	
4461,94	7,34E-1	
4463,44	7,33E-1	
4464,95	7,33E-1	
4466,46	7,33E-1	
4467,98	7,32E-1	
4469,48	7,32E-1	
4470,99	7,32E-1	
4472,5	7,31E-1	
4474,01	7,31E-1	
4475,52	7,31E-1	
4477,03	7,3E-1	
4478,54	7,3E-1	
4480,05	7,29E-1	
4481,56	7,29E-1	
4483,07	7,3E-1	
4484,58	7,28E-1	
4486,09	7,29E-1	
4487,6	7,28E-1	
4489,11	7,28E-1	
4490,61	7,28E-1	
4492,12	7,27E-1	
4493,64	7,27E-1	
4495,15	7,26E-1	
4496,65	7,26E-1	
4498,16	7,26E-1	
4499,67	7,25E-1	
4501,18	7,25E-1	
4502,69	7,25E-1	
4504,2	7,24E-1	
4505,71	7,24E-1	
4507,22	7,24E-1	
4508,73	7,23E-1	
4510,24	7,23E-1	
4511,75	7,22E-1	
4513,26	7,22E-1	
4514,76	7,22E-1	
4516,27	7,22E-1	
4517,78	7,21E-1	
4519,29	7,21E-1	
4520,8	7,21E-1	
4522,31	7,21E-1	
4523,82	7,2E-1	
4525,33	7,2E-1	
4526,84	7,19E-1	
4528,35	7,19E-1	
4529,85	7,19E-1	
4531,36	7,18E-1	
4532,87	7,18E-1	
4534,38	7,17E-1	
4535,89	7,17E-1	
4537,4	7,17E-1	
4538,91	7,16E-1	
4540,42	7,16E-1	
4541,93	7,16E-1	
4543,44	7,15E-1	
4544,95	7,15E-1	
4546,46	7,15E-1	
4547,97	7,14E-1	
4549,48	7,14E-1	
4550,99	7,14E-1	
4552,5	7,14E-1	
4554,01	7,13E-1	
4555,52	7,13E-1	
4557,02	7,12E-1	
4558,53	7,12E-1	
4560,05	7,12E-1	
4561,56	7,11E-1	
4563,06	7,11E-1	
4564,57	7,11E-1	
4566,08	7,11E-1	
4567,59	7,1E-1	
4569,1	7,1E-1	
4570,61	7,1E-1	
4572,12	7,09E-1	
4573,63	7,09E-1	
4575,14	7,09E-1	
4576,65	7,08E-1	
4578,16	7,08E-1	
4579,67	7,08E-1	
4581,18	7,07E-1	
4582,69	7,07E-1	
4584,2	7,06E-1	
4585,71	7,06E-1	
4587,22	7,06E-1	
4588,73	7,05E-1	
4590,24	7,05E-1	
4591,75	7,05E-1	
4593,26	7,05E-1	
4594,77	7,04E-1	
4596,28	7,04E-1	
4597,79	7,04E-1	
4599,3	7,04E-1	
4600,8	7,03E-1	
4602,31	7,03E-1	
4603,82	7,02E-1	
4605,33	7,02E-1	
4606,84	7,02E-1	
4608,35	7,02E-1	
4609,86	7,02E-1	
4611,37	7,01E-1	
4612,88	7,01E-1	
4614,39	7E-1	
4615,89	7E-1	
4617,4	6,99E-1	
4618,91	6,99E-1	
4620,42	6,99E-1	
4621,93	6,99E-1	
4623,44	6,98E-1	
4624,95	6,98E-1	
4626,46	6,98E-1	
4627,97	6,98E-1	
4629,48	6,97E-1	
4630,98	6,97E-1	
4632,49	6,96E-1	
4634	6,96E-1	
4635,51	6,96E-1	
4637,02	6,96E-1	
4638,53	6,96E-1	
4640,04	6,95E-1	
4641,55	6,95E-1	
4643,06	6,94E-1	
4644,57	6,94E-1	
4646,08	6,94E-1	
4647,59	6,94E-1	
4649,1	6,93E-1	
4650,61	6,93E-1	
4652,12	6,92E-1	
4653,63	6,92E-1	
4655,14	6,92E-1	
4656,65	6,91E-1	
4658,16	6,91E-1	
4659,67	6,91E-1	
4661,18	6,91E-1	
4662,69	6,91E-1	
4664,19	6,9E-1	
4665,7	6,9E-1	
4667,22	6,9E-1	
4668,73	6,89E-1	
4670,23	6,89E-1	
4671,74	6,89E-1	
4673,25	6,88E-1	
4674,76	6,88E-1	
4676,27	6,88E-1	
4677,78	6,87E-1	
4679,29	6,87E-1	
4680,8	6,87E-1	
4682,31	6,86E-1	
4683,82	6,86E-1	
4685,33	6,86E-1	
4686,84	6,86E-1	
4688,35	6,85E-1	
4689,86	6,85E-1	
4691,37	6,85E-1	
4692,88	6,85E-1	
4694,39	6,85E-1	
4695,9	6,84E-1	
4697,41	6,84E-1	
4698,92	6,84E-1	
4700,43	6,83E-1	
4701,94	6,83E-1	
4703,45	6,83E-1	
4704,96	6,82E-1	
4706,47	6,82E-1	
4707,98	6,82E-1	
4709,49	6,81E-1	
4711	6,81E-1	
4712,51	6,81E-1	
4714,02	6,8E-1	
4715,53	6,8E-1	
4717,04	6,79E-1	
4718,55	6,79E-1	
4720,06	6,79E-1	
4721,57	6,79E-1	
4723,08	6,79E-1	
4724,59	6,78E-1	
4726,1	6,78E-1	
4727,61	6,78E-1	
4729,12	6,77E-1	
4730,63	6,77E-1	
4732,14	6,77E-1	
4733,65	6,76E-1	
4735,16	6,76E-1	
4736,67	6,76E-1	
4738,18	6,75E-1	
4739,69	6,75E-1	
4741,19	6,75E-1	
4742,7	6,74E-1	
4744,22	6,74E-1	
4745,73	6,73E-1	
4747,23	6,73E-1	
4748,74	6,73E-1	
4750,26	6,72E-1	
4751,77	6,72E-1	
4753,27	6,72E-1	
4754,78	6,72E-1	
4756,3	6,71E-1	
4757,81	6,71E-1	
4759,31	6,7E-1	
4760,82	6,7E-1	
4762,33	6,7E-1	
4763,84	6,7E-1	
4765,35	6,69E-1	
4766,86	6,69E-1	
4768,37	6,69E-1	
4769,88	6,68E-1	
4771,39	6,68E-1	
4772,9	6,67E-1	
4774,41	6,67E-1	
4775,92	6,67E-1	
4777,43	6,67E-1	
4778,94	6,66E-1	
4780,45	6,67E-1	
4781,96	6,66E-1	
4783,48	6,66E-1	
4784,99	6,65E-1	
4786,5	6,65E-1	
4788,01	6,65E-1	
4789,52	6,65E-1	
4791,03	6,64E-1	
4792,54	6,64E-1	
4794,05	6,64E-1	
4795,56	6,63E-1	
4797,07	6,63E-1	
4798,58	6,63E-1	
4800,09	6,63E-1	
4801,6	6,62E-1	
4803,1	6,62E-1	
4804,61	6,61E-1	
4806,12	6,61E-1	
4807,64	6,61E-1	
4809,14	6,6E-1	
4810,65	6,6E-1	
4812,16	6,6E-1	
4813,67	6,6E-1	
4815,18	6,6E-1	
4816,69	6,59E-1	
4818,2	6,59E-1	
4819,71	6,58E-1	
4821,22	6,58E-1	
4822,72	6,58E-1	
4824,23	6,58E-1	
4825,74	6,58E-1	
4827,25	6,57E-1	
4828,76	6,57E-1	
4830,27	6,57E-1	
4831,78	6,56E-1	
4833,29	6,56E-1	
4834,8	6,56E-1	
4836,31	6,55E-1	
4837,82	6,55E-1	
4839,33	6,55E-1	
4840,84	6,54E-1	
4842,34	6,54E-1	
4843,85	6,54E-1	
4845,36	6,53E-1	
4846,87	6,54E-1	
4848,38	6,53E-1	
4849,89	6,53E-1	
4851,4	6,53E-1	
4852,91	6,52E-1	
4854,42	6,52E-1	
4855,93	6,52E-1	
4857,44	6,51E-1	
4858,95	6,51E-1	
4860,46	6,5E-1	
4861,97	6,5E-1	
4863,48	6,5E-1	
4864,99	6,5E-1	
4866,5	6,49E-1	
4868,02	6,49E-1	
4869,53	6,49E-1	
4871,05	6,48E-1	
4872,56	6,48E-1	
4874,07	6,48E-1	
4875,58	6,47E-1	
4877,1	6,47E-1	
4878,61	6,47E-1	
4880,12	6,47E-1	
4881,63	6,47E-1	
4883,15	6,46E-1	
4884,66	6,46E-1	
4886,18	6,46E-1	
4887,69	6,45E-1	
4889,2	6,45E-1	
4890,71	6,45E-1	
4892,23	6,45E-1	
4893,74	6,44E-1	
4895,25	6,44E-1	
4896,76	6,44E-1	
4898,28	6,43E-1	
4899,79	6,43E-1	
4901,3	6,43E-1	
4902,81	6,42E-1	
4904,33	6,42E-1	
4905,84	6,42E-1	
4907,36	6,41E-1	
4908,86	6,41E-1	
4910,38	6,41E-1	
4911,89	6,4E-1	
4913,41	6,4E-1	
4914,92	6,4E-1	
4916,44	6,39E-1	
4917,95	6,39E-1	
4919,46	6,39E-1	
4920,97	6,38E-1	
4922,49	6,38E-1	
4924	6,38E-1	
4925,52	6,38E-1	
4927,02	6,37E-1	
4928,54	6,37E-1	
4930,05	6,37E-1	
4931,56	6,36E-1	
4933,07	6,36E-1	
4934,59	6,36E-1	
4936,1	6,36E-1	
4937,62	6,35E-1	
4939,13	6,35E-1	
4940,64	6,35E-1	
4942,15	6,34E-1	
4943,67	6,34E-1	
4945,18	6,34E-1	
4946,69	6,34E-1	
4948,2	6,33E-1	
4949,72	6,33E-1	
4951,23	6,33E-1	
4952,75	6,32E-1	
4954,26	6,32E-1	
4955,77	6,32E-1	
4957,28	6,32E-1	
4958,8	6,31E-1	
4960,31	6,31E-1	
4961,82	6,31E-1	
4963,34	6,31E-1	
4964,85	6,3E-1	
4966,36	6,3E-1	
4967,87	6,3E-1	
4969,38	6,3E-1	
4970,9	6,3E-1	
4972,41	6,29E-1	
4973,93	6,29E-1	
4975,44	6,29E-1	
4976,96	6,28E-1	
4978,47	6,28E-1	
4979,98	6,28E-1	
4981,49	6,27E-1	
4983,01	6,27E-1	
4984,52	6,27E-1	
4986,04	6,26E-1	
4987,55	6,26E-1	
4989,06	6,26E-1	
4990,58	6,25E-1	
4992,09	6,25E-1	
4993,6	6,25E-1	
4995,12	6,25E-1	
4996,63	6,25E-1	
4998,14	6,24E-1	
4999,65	6,24E-1	
5001,17	6,24E-1	
5002,68	6,23E-1	
5004,19	6,23E-1	
5005,7	6,23E-1	
5007,22	6,22E-1	
5008,73	6,22E-1	
5010,24	6,22E-1	
5011,75	6,22E-1	
5013,27	6,21E-1	
5014,78	6,21E-1	
5016,3	6,21E-1	
5017,81	6,21E-1	
5019,32	6,2E-1	
5020,99	6,21E-1	
5022,5	6,2E-1	
5024,03	6,2E-1	
5025,54	6,2E-1	
5027,06	6,19E-1	
5028,6	6,19E-1	
5030,11	6,18E-1	
5031,63	6,18E-1	
5033,18	6,18E-1	
5034,69	6,18E-1	
5036,21	6,17E-1	
5037,73	6,17E-1	
5039,23	6,17E-1	
5040,74	6,16E-1	
5042,26	6,16E-1	
5044,14	6,16E-1	
5045,65	6,15E-1	
5047,18	6,15E-1	
5048,69	6,15E-1	
5050,2	6,14E-1	
5051,71	6,15E-1	
5053,25	6,14E-1	
5054,78	6,14E-1	
5056,29	6,13E-1	
5057,86	6,13E-1	
5059,42	6,13E-1	
5061,01	6,12E-1	
5062,52	6,12E-1	
5064,1	6,12E-1	
5065,61	6,12E-1	
5067,12	6,12E-1	
5068,63	6,12E-1	
5070,14	6,11E-1	
5071,65	6,11E-1	
5073,16	6,11E-1	
5074,66	6,1E-1	
5076,17	6,1E-1	
5077,68	6,09E-1	
5079,19	6,09E-1	
5080,71	6,09E-1	
5082,26	6,09E-1	
5083,83	6,08E-1	
5085,4	6,08E-1	
5086,91	6,08E-1	
5088,55	6,07E-1	
5090,1	6,07E-1	
5091,61	6,07E-1	
5093,12	6,06E-1	
5094,63	6,06E-1	
5096,14	6,06E-1	
5097,66	6,05E-1	
5099,19	6,05E-1	
5100,7	6,05E-1	
5102,21	6,05E-1	
5103,72	6,04E-1	
5105,25	6,04E-1	
5106,76	6,04E-1	
5108,27	6,04E-1	
5109,77	6,03E-1	
5111,28	6,03E-1	
5112,79	6,03E-1	
5114,3	6,02E-1	
5115,8	6,02E-1	
5117,32	6,02E-1	
5118,83	6,02E-1	
5120,34	6,01E-1	
5121,86	6,01E-1	
5123,43	6,01E-1	
5125,16	6E-1	
5126,67	6E-1	
5128,19	6E-1	
5129,71	5,99E-1	
5131,22	5,99E-1	
5132,73	5,99E-1	
5134,25	5,98E-1	
5135,76	5,99E-1	
5137,27	5,98E-1	
5138,77	5,98E-1	
5140,29	5,98E-1	
5141,8	5,97E-1	
5143,32	5,97E-1	
5144,83	5,97E-1	
5146,34	5,96E-1	
5147,85	5,96E-1	
5149,37	5,96E-1	
5150,88	5,96E-1	
5152,39	5,95E-1	
5153,9	5,95E-1	
5155,42	5,95E-1	
5156,93	5,95E-1	
5158,45	5,94E-1	
5159,96	5,94E-1	
5161,48	5,94E-1	
5162,99	5,94E-1	
5164,5	5,93E-1	
5166,01	5,93E-1	
5167,52	5,93E-1	
5169,09	5,92E-1	
5170,6	5,92E-1	
5172,11	5,92E-1	
5173,62	5,92E-1	
5175,27	5,91E-1	
5176,78	5,91E-1	
5178,3	5,91E-1	
5179,81	5,91E-1	
5181,33	5,9E-1	
5182,84	5,9E-1	
5184,35	5,9E-1	
5185,91	5,9E-1	
5187,42	5,89E-1	
5188,93	5,89E-1	
5190,44	5,89E-1	
5191,95	5,89E-1	
5193,5	5,88E-1	
5195,01	5,88E-1	
5196,52	5,88E-1	
5198,02	5,87E-1	
5199,54	5,87E-1	
5201,05	5,86E-1	
5202,56	5,87E-1	
5204,06	5,86E-1	
5205,57	5,86E-1	
5207,08	5,85E-1	
5208,59	5,85E-1	
5210,1	5,85E-1	
5211,61	5,85E-1	
5213,12	5,84E-1	
5214,63	5,84E-1	
5216,14	5,84E-1	
5217,65	5,84E-1	
5219,16	5,83E-1	
5220,67	5,83E-1	
5222,18	5,83E-1	
5223,69	5,83E-1	
5225,2	5,82E-1	
5226,71	5,82E-1	
5228,22	5,82E-1	
5229,73	5,82E-1	
5231,24	5,81E-1	
5232,75	5,81E-1	
5234,26	5,8E-1	
5235,77	5,8E-1	
5237,27	5,8E-1	
5238,79	5,8E-1	
5240,3	5,79E-1	
5241,81	5,79E-1	
5243,32	5,79E-1	
5244,83	5,79E-1	
5246,34	5,78E-1	
5247,85	5,78E-1	
5249,36	5,78E-1	
5250,86	5,78E-1	
5252,37	5,77E-1	
5253,88	5,77E-1	
5255,39	5,77E-1	
5256,9	5,77E-1	
5258,41	5,76E-1	
5259,92	5,76E-1	
5261,43	5,76E-1	
5262,94	5,76E-1	
5264,45	5,75E-1	
5265,96	5,75E-1	
5267,47	5,75E-1	
5268,98	5,75E-1	
5270,49	5,74E-1	
5272	5,74E-1	
5273,51	5,74E-1	
5275,02	5,74E-1	
5276,52	5,73E-1	
5278,03	5,73E-1	
5279,55	5,73E-1	
5281,06	5,73E-1	
5282,56	5,72E-1	
5284,07	5,72E-1	
5285,59	5,72E-1	
5287,09	5,71E-1	
5288,6	5,71E-1	
5290,11	5,71E-1	
5291,62	5,71E-1	
5293,13	5,7E-1	
5294,64	5,7E-1	
5296,15	5,7E-1	
5297,66	5,7E-1	
5299,17	5,69E-1	
5300,68	5,69E-1	
5302,19	5,69E-1	
5303,7	5,69E-1	
5305,21	5,68E-1	
5306,72	5,68E-1	
5308,23	5,68E-1	
5309,73	5,68E-1	
5311,24	5,67E-1	
5312,75	5,67E-1	
5314,26	5,67E-1	
5315,77	5,67E-1	
5317,28	5,66E-1	
5318,79	5,66E-1	
5320,3	5,66E-1	
5321,81	5,66E-1	
5323,32	5,65E-1	
5324,83	5,65E-1	
5326,34	5,65E-1	
5327,85	5,65E-1	
5329,36	5,64E-1	
5330,87	5,64E-1	
5332,38	5,64E-1	
5333,89	5,64E-1	
5335,4	5,63E-1	
5336,91	5,63E-1	
5338,42	5,63E-1	
5339,93	5,63E-1	
5341,44	5,62E-1	
5342,95	5,62E-1	
5344,46	5,62E-1	
5345,97	5,62E-1	
5347,48	5,61E-1	
5348,98	5,61E-1	
5350,49	5,6E-1	
5352	5,61E-1	
5353,51	5,6E-1	
5355,02	5,6E-1	
5356,53	5,6E-1	
5358,04	5,59E-1	
5359,55	5,59E-1	
5361,06	5,59E-1	
5362,57	5,58E-1	
5364,08	5,58E-1	
5365,59	5,58E-1	
5367,1	5,58E-1	
5368,6	5,57E-1	
5370,11	5,57E-1	
5371,62	5,57E-1	
5373,13	5,57E-1	
5374,64	5,57E-1	
5376,15	5,56E-1	
5377,66	5,56E-1	
5379,17	5,56E-1	
5380,68	5,56E-1	
5382,19	5,55E-1	
5383,7	5,55E-1	
5385,21	5,55E-1	
5386,72	5,55E-1	
5388,23	5,54E-1	
5389,73	5,54E-1	
5391,24	5,54E-1	
5392,76	5,53E-1	
5394,26	5,53E-1	
5395,77	5,53E-1	
5397,28	5,53E-1	
5398,79	5,52E-1	
5400,3	5,52E-1	
5401,81	5,52E-1	
5403,33	5,52E-1	
5404,84	5,52E-1	
5406,36	5,51E-1	
5407,86	5,51E-1	
5409,39	5,51E-1	
5410,89	5,51E-1	
5412,41	5,51E-1	
5413,92	5,5E-1	
5415,44	5,5E-1	
5416,95	5,5E-1	
5418,47	5,49E-1	
5419,98	5,49E-1	
5421,48	5,48E-1	
5423	5,49E-1	
5433,15	5,47E-1	
5532,66	5,31E-1	
5632,17	5,15E-1	
5731,68	4,97E-1	
5831,2	4,8E-1	
5930,71	4,64E-1	
6030,22	4,48E-1	
6129,73	4,33E-1	
6229,24	4,19E-1	
6328,75	4,04E-1	
6428,26	3,91E-1	
6527,76	3,77E-1	
6627,27	3,64E-1	
6726,78	3,51E-1	
6826,29	3,38E-1	
6925,8	3,25E-1	
7025,31	3,13E-1	
7124,82	3E-1	
7224,32	2,88E-1	
7323,84	2,77E-1	
7423,34	2,66E-1	
7522,85	2,55E-1	
7622,36	2,44E-1	
7721,87	2,34E-1	
7821,38	2,25E-1	
7920,89	2,15E-1	
8020,53	2,06E-1	
8120,06	1,97E-1	
8219,57	1,89E-1	
8319,08	1,81E-1	
8418,59	1,73E-1	
8518,1	1,65E-1	
8617,61	1,57E-1	
8717,12	1,5E-1	
8816,63	1,43E-1	
8916,14	1,36E-1	
9015,65	1,31E-1	
9115,16	1,24E-1	
9214,67	1,18E-1	
9314,18	1,12E-1	
9413,69	1,07E-1	
9513,2	1,01E-1	
9612,71	9,64E-2	
9712,22	9,23E-2	
9811,73	8,78E-2	
9911,23	8,36E-2	
10010,7	7,95E-2	
10110,3	7,58E-2	
10209,8	7,23E-2	
10309,3	6,85E-2	
10408,8	6,51E-2	
10508,3	6,19E-2	
10607,8	5,88E-2	
10707,3	5,62E-2	
10806,8	5,37E-2	
10906,3	5,14E-2	
11005,8	4,92E-2	
11105,3	4,7E-2	
11204,9	4,52E-2	
11304,4	4,35E-2	
11403,9	4,19E-2	
11503,4	4,04E-2	
11602,9	3,9E-2	
11702,4	3,77E-2	
11802	3,64E-2	
11901,5	3,52E-2	
12001	3,42E-2	
12100,5	3,32E-2	
12200	3,22E-2	
12299,5	3,12E-2	
12399	3,02E-2	
12498,5	2,93E-2	
12598	2,85E-2	
12697,5	2,77E-2	
12797,1	2,69E-2	
12896,6	2,63E-2	
12996,1	2,56E-2	
13095,6	2,49E-2	
13195,1	2,43E-2	
13294,6	2,38E-2	
13394,1	2,33E-2	
13493,6	2,28E-2	
13593,1	2,24E-2	
13692,6	2,19E-2	
13792,1	2,15E-2	
13891,7	2,11E-2	
13991,2	2,07E-2	
14090,7	2,03E-2	
14190,2	1,99E-2	
14289,7	1,96E-2	
14389,2	1,93E-2	
14488,7	1,9E-2	
14588,2	1,86E-2	
14687,7	1,83E-2	
14787,2	1,8E-2	
14886,8	1,77E-2	
14986,3	1,74E-2	
15085,8	1,72E-2	
15185,3	1,69E-2	
15284,8	1,67E-2	
15384,3	1,64E-2	
15483,8	1,62E-2	
15583,3	1,61E-2	
15682,8	1,59E-2	
15782,3	1,57E-2	
15881,9	1,55E-2	
15981,4	1,54E-2	
16080,9	1,52E-2	
16180,4	1,5E-2	
16279,9	1,48E-2	
16379,4	1,47E-2	
16478,9	1,45E-2	
16578,4	1,44E-2	
16677,9	1,43E-2	
16777,5	1,41E-2	
16877	1,4E-2	
16976,5	1,39E-2	
17076	1,38E-2	
17175,5	1,37E-2	
17275	1,36E-2	
17374,5	1,35E-2	
17474	1,34E-2	
17573,5	1,33E-2	
17673	1,32E-2	
17772,5	1,31E-2	
17872,1	1,3E-2	
17971,6	1,29E-2	
18071,1	1,28E-2	
18170,6	1,27E-2	
18270,1	1,27E-2	
18369,6	1,26E-2	
18469,1	1,25E-2	
18568,6	1,24E-2	
18668,1	1,24E-2	
18767,6	1,23E-2	
18867,2	1,22E-2	
18979,7	1,22E-2	
19079,6	1,21E-2	
19179,1	1,2E-2	
19278,6	1,2E-2	
19378,1	1,19E-2	
19477,6	1,18E-2	
19577,1	1,18E-2	
19676,6	1,17E-2	
19776,1	1,17E-2	
19875,6	1,16E-2	
19975,1	1,16E-2	
20074,7	1,15E-2	
20174,2	1,15E-2	
20273,7	1,14E-2	
20373,2	1,14E-2	
20472,7	1,13E-2	
20572,2	1,13E-2	
20671,7	1,12E-2	
20771,2	1,12E-2	
20870,7	1,12E-2	
20970,2	1,11E-2	
21069,7	1,11E-2	
21169,2	1,1E-2	
21268,7	1,1E-2	
21368,2	1,1E-2	
21467,7	1,09E-2	
21567,3	1,09E-2	
21666,8	1,09E-2	
21766,3	1,08E-2	
21865,8	1,08E-2	
21965,3	1,08E-2	
22064,8	1,07E-2	
22164,3	1,07E-2	
22263,8	1,07E-2	
22363,3	1,06E-2	
22462,8	1,06E-2	
22562,3	1,06E-2	
22661,9	1,05E-2	
22761,4	1,05E-2	
22860,9	1,05E-2	
22960,4	1,05E-2	
23059,9	1,04E-2	
23159,4	1,04E-2	
23258,9	1,04E-2	
23358,4	1,04E-2	
23457,9	1,03E-2	
23557,4	1,03E-2	
23656,9	1,03E-2	
23756,4	1,03E-2	
23855,9	1,02E-2	
23955,4	1,02E-2	
24054,9	1,02E-2	
24154,5	1,02E-2	
24254	1,02E-2	
24353,5	1,01E-2	
24453	1,01E-2	
24552,5	1,01E-2	
24652	1,01E-2	
24751,5	1,01E-2	
24851	1E-2	
24950,5	1E-2	
25050	1E-2	
25149,5	9,99E-3	
25249	9,96E-3	
25348,5	9,95E-3	
25448,1	9,94E-3	
25547,6	9,92E-3	
25647,1	9,91E-3	
25746,6	9,89E-3	
25846,1	9,87E-3	
25945,6	9,87E-3	
26045,1	9,85E-3	
26144,6	9,83E-3	
26244,1	9,82E-3	
26343,6	9,81E-3	
26443,1	9,79E-3	
26542,6	9,77E-3	
26642,1	9,75E-3	
26741,6	9,74E-3	
26841,1	9,73E-3	
26940,7	9,72E-3	
27040,2	9,7E-3	
27139,7	9,69E-3	
27239,2	9,67E-3	
27338,7	9,65E-3	
27438,2	9,64E-3	
27537,7	9,64E-3	
27637,2	9,63E-3	
27736,7	9,61E-3	
27836,2	9,6E-3	
27935,7	9,59E-3	
28035,2	9,58E-3	
28134,7	9,56E-3	
28234,2	9,54E-3	
28333,7	9,54E-3	
28433,3	9,53E-3	
28532,8	9,51E-3	
28632,3	9,51E-3	
28731,8	9,48E-3	
28831,3	9,47E-3	
28930,8	9,46E-3	
29030,3	9,46E-3	
29129,8	9,44E-3	
29229,3	9,43E-3	
29328,8	9,43E-3	
29428,3	9,41E-3	
29527,8	9,39E-3	
29627,3	9,39E-3	
29726,8	9,38E-3	
29826,3	9,37E-3	
29925,8	9,36E-3	
30025,4	9,35E-3	
30124,9	9,33E-3	
30224,4	9,33E-3	
30323,9	9,32E-3	
30423,4	9,3E-3	
30522,9	9,3E-3	
30622,4	9,28E-3	
30721,9	9,28E-3	
30821,4	9,26E-3	
30920,9	9,26E-3	
31020,4	9,24E-3	
31119,9	9,23E-3	
31219,4	9,23E-3	
31319	9,21E-3	
31418,5	9,21E-3	
31518	9,2E-3	
31617,5	9,18E-3	
31717	9,18E-3	
31816,5	9,18E-3	
31916,1	9,16E-3	
32015,6	9,15E-3	
32115,1	9,15E-3	
32214,6	9,13E-3	
32314,1	9,13E-3	
32413,6	9,11E-3	
32513,1	9,11E-3	
32612,6	9,09E-3	
32712,1	9,08E-3	
32811,6	9,08E-3	
32911,1	9,07E-3	
33010,6	9,06E-3	
33110,1	9,05E-3	
33209,6	9,04E-3	
33309,2	9,04E-3	
33408,7	9,03E-3	
33508,2	9,02E-3	
33607,7	9,02E-3	
33707,2	9E-3	
33806,7	9E-3	
33906,2	8,99E-3	
34005,7	8,98E-3	
34105,2	8,97E-3	
34204,7	8,97E-3	
34304,2	8,97E-3	
34403,7	8,95E-3	
34503,3	8,95E-3	
34602,8	8,93E-3	
34702,3	8,93E-3	
34801,8	8,92E-3	
34901,3	8,92E-3	
35000,8	8,9E-3	
35100,3	8,9E-3	
35199,8	8,88E-3	
35299,3	8,88E-3	
35398,8	8,88E-3	
35498,3	8,87E-3	
35597,8	8,86E-3	
35697,3	8,85E-3	
35796,8	8,85E-3	
35896,3	8,84E-3	
35995,8	8,84E-3	
36095,4	8,82E-3	
36194,9	8,82E-3	
36294,4	8,82E-3	
36393,9	8,81E-3	
36493,4	8,8E-3	
36592,9	8,8E-3	
36692,4	8,8E-3	
36791,9	8,79E-3	
36891,4	8,78E-3	
36990,9	8,78E-3	
37090,4	8,77E-3	
37189,9	8,76E-3	
37289,5	8,75E-3	
37389	8,75E-3	
37488,5	8,75E-3	
37588	8,74E-3	
37687,5	8,73E-3	
37787	8,73E-3	
37886,5	8,71E-3	
37986	8,71E-3	
38085,5	8,71E-3	
38185	8,69E-3	
38284,5	8,69E-3	
38384	8,69E-3	
38483,5	8,69E-3	
38583	8,69E-3	
38682,5	8,68E-3	
38782,1	8,68E-3	
38881,6	8,68E-3	
38981,1	8,66E-3	
39080,6	8,66E-3	
39180,1	8,66E-3	
39279,6	8,66E-3	
39379,1	8,64E-3	
39478,6	8,64E-3	
39578,1	8,64E-3	
39677,6	8,64E-3	
39777,1	8,62E-3	
39876,6	8,62E-3	
39976,2	8,62E-3	
40075,7	8,62E-3	
40175,2	8,61E-3	
40274,8	8,61E-3	
40374,3	8,61E-3	
40473,8	8,61E-3	
40573,3	8,59E-3	
40672,8	8,59E-3	
40772,3	8,59E-3	
40871,9	8,59E-3	
40971,4	8,59E-3	
41070,9	8,57E-3	
41170,4	8,57E-3	
41269,9	8,57E-3	
41369,4	8,56E-3	
41468,9	8,56E-3	
41568,4	8,56E-3	
41667,9	8,56E-3	
41767,4	8,56E-3	
41866,9	8,56E-3	
41966,4	8,56E-3	
42066	8,54E-3	
42165,5	8,54E-3	
42265	8,54E-3	
42364,5	8,54E-3	
42464	8,54E-3	
42563,5	8,54E-3	
42663	8,52E-3	
42762,5	8,52E-3	
42862	8,52E-3	
42961,5	8,52E-3	
43061	8,52E-3	
43160,5	8,52E-3	
43260	8,52E-3	
43359,5	8,51E-3	
43459	8,52E-3	
43558,6	8,51E-3	
43658,1	8,52E-3	
43757,6	8,51E-3	
43857,1	8,51E-3	
43956,6	8,51E-3	
44056,1	8,49E-3	
44155,6	8,49E-3	
44255,1	8,49E-3	
44354,6	8,49E-3	
44454,1	8,49E-3	
44553,6	8,49E-3	
44653,1	8,49E-3	
44752,6	8,49E-3	
44852,1	8,49E-3	
44951,6	8,47E-3	
45051,1	8,47E-3	
45150,7	8,47E-3	
45250,2	8,47E-3	
45349,7	8,47E-3	
45449,2	8,47E-3	
45548,7	8,47E-3	
45648,2	8,47E-3	
45747,7	8,47E-3	
45847,2	8,46E-3	
45946,7	8,46E-3	
46046,2	8,46E-3	
46145,7	8,46E-3	
46245,2	8,46E-3	
46344,7	8,46E-3	
46444,2	8,46E-3	
46543,7	8,45E-3	
46643,2	8,45E-3	
46742,8	8,45E-3	
46842,3	8,45E-3	
46941,8	8,45E-3	
47041,3	8,45E-3	
47140,8	8,45E-3	
47240,3	8,45E-3	
47339,8	8,45E-3	
47439,3	8,44E-3	
47538,8	8,45E-3	
47638,3	8,45E-3	
47737,8	8,44E-3	
47837,3	8,43E-3	
47936,8	8,44E-3	
48036,3	8,43E-3	
48135,8	8,43E-3	
48235,4	8,43E-3	
48334,9	8,43E-3	
48434,4	8,43E-3	
48533,9	8,43E-3	
48633,4	8,43E-3	
48732,9	8,43E-3	
48832,4	8,43E-3	
48931,9	8,43E-3	
49031,4	8,43E-3	
49130,9	8,42E-3	
49230,4	8,43E-3	
49329,9	8,43E-3	
49429,4	8,43E-3	
49528,9	8,41E-3	
49628,4	8,41E-3	
49728	8,41E-3	
49827,5	8,41E-3	
49927	8,41E-3	
50026,5	8,41E-3	
50126	8,41E-3	
50225,5	8,41E-3	
50325	8,41E-3	
50424,5	8,41E-3	
50524	8,41E-3	
50623,5	8,41E-3	
50723	8,41E-3	
50822,5	8,41E-3	
50922	8,41E-3	
51021,5	8,41E-3	
51121	8,41E-3	
51220,6	8,41E-3	
51320,2	8,41E-3	
51419,7	8,41E-3	
51519,2	8,41E-3	
51618,7	8,41E-3	
51718,2	8,41E-3	
51817,7	8,39E-3	
51917,2	8,39E-3	
52016,7	8,39E-3	
52116,2	8,39E-3	
52215,7	8,41E-3	
52315,2	8,39E-3	
52414,7	8,39E-3	
52514,2	8,39E-3	
52613,7	8,39E-3	
52713,3	8,39E-3	
52812,8	8,39E-3	
52912,3	8,39E-3	
53011,8	8,39E-3	
53111,3	8,39E-3	
53210,8	8,39E-3	
53310,3	8,39E-3	
53409,8	8,39E-3	
53509,3	8,39E-3	
53608,8	8,39E-3	
53708,3	8,39E-3	
53807,8	8,39E-3	
53907,3	8,39E-3	
54006,8	8,39E-3	
54106,3	8,39E-3	
54205,9	8,39E-3	
54305,4	8,39E-3	
54404,9	8,39E-3	
54504,4	8,39E-3	
54603,9	8,39E-3	
54703,4	8,39E-3	
54802,9	8,38E-3	
54902,4	8,39E-3	
55001,9	8,38E-3	
55101,4	8,38E-3	
55200,9	8,39E-3	
55300,4	8,39E-3	
55399,9	8,38E-3	
55499,4	8,37E-3	
55598,9	8,37E-3	
55698,4	8,37E-3	
55798	8,37E-3	
55897,5	8,37E-3	
55997	8,37E-3	
56096,5	8,37E-3	
56196	8,38E-3	
56295,5	8,37E-3	
56395	8,37E-3	
56494,5	8,37E-3	
56594	8,37E-3	
56693,5	8,37E-3	
56793	8,37E-3	
56892,5	8,37E-3	
56992,1	8,37E-3	
57091,6	8,37E-3	
57191,1	8,37E-3	
57290,6	8,37E-3	
57390,1	8,37E-3	
57489,6	8,37E-3	
57589,1	8,37E-3	
57688,6	8,36E-3	
57788,1	8,36E-3	
57887,6	8,37E-3	
57987,1	8,36E-3	
58086,6	8,36E-3	
58186,1	8,36E-3	
58285,7	8,36E-3	
58385,2	8,36E-3	
58484,7	8,36E-3	
58584,2	8,36E-3	
58683,7	8,36E-3	
58783,2	8,36E-3	
58882,7	8,36E-3	
58982,2	8,36E-3	
59081,7	8,36E-3	
59181,2	8,36E-3	
59280,7	8,36E-3	
59380,3	8,36E-3	
59479,8	8,36E-3	
59579,3	8,36E-3	
59678,8	8,36E-3	
59778,3	8,36E-3	
59877,8	8,36E-3	
59977,3	8,36E-3	
60076,8	8,36E-3	
60176,3	8,36E-3	
60275,8	8,36E-3	
60375,4	8,36E-3	
60474,9	8,36E-3	
60574,4	8,36E-3	
60673,9	8,36E-3	
60773,4	8,36E-3	
60872,9	8,36E-3	
60972,4	8,36E-3	
61071,9	8,36E-3	
61171,4	8,35E-3	
61270,9	8,36E-3	
61370,4	8,36E-3	
61469,9	8,36E-3	
61569,4	8,35E-3	
61668,9	8,35E-3	
61768,4	8,36E-3	
61868	8,35E-3	
61967,5	8,35E-3	
62067	8,35E-3	
62166,5	8,35E-3	
62266	8,36E-3	
62365,5	8,35E-3	
62465	8,35E-3	
62564,5	8,35E-3	
62664	8,35E-3	
62763,5	8,35E-3	
62863	8,36E-3	
62962,5	8,35E-3	
63062,2	8,35E-3	
63161,7	8,35E-3	
63261,2	8,35E-3	
63360,7	8,35E-3	
63460,2	8,35E-3	
63559,7	8,35E-3	
63659,2	8,35E-3	
63758,7	8,35E-3	
63858,2	8,35E-3	
63957,7	8,34E-3	
64057,2	8,35E-3	
64156,8	8,35E-3	
64256,3	8,35E-3	
64355,8	8,35E-3	
64455,3	8,35E-3	
64554,8	8,34E-3	
64654,3	8,35E-3	
64753,8	8,34E-3	
64853,3	8,35E-3	
64952,8	8,34E-3	
65052,3	8,35E-3	
65151,8	8,35E-3	
65251,3	8,34E-3	
65350,8	8,34E-3	
65450,3	8,34E-3	
65549,8	8,34E-3	
65649,3	8,34E-3	
65748,9	8,34E-3	
65848,4	8,34E-3	
65947,9	8,34E-3	
66047,4	8,34E-3	
66146,9	8,34E-3	
66246,4	8,34E-3	
66345,9	8,34E-3	
66445,4	8,34E-3	
66544,9	8,34E-3	
66644,4	8,35E-3	
66743,9	8,35E-3	
66843,4	8,35E-3	
66942,9	8,33E-3	
67042,4	8,34E-3	
67141,9	8,35E-3	
67241,4	8,34E-3	
67340,9	8,34E-3	
67440,5	8,34E-3	
67540	8,34E-3	
67639,5	8,34E-3	
67739	8,34E-3	
67838,5	8,34E-3	
67938	8,34E-3	
68037,5	8,34E-3	
68137	8,34E-3	
68236,5	8,34E-3	
68336	8,34E-3	
68435,5	8,34E-3	
68535	8,34E-3	
68634,5	8,34E-3	
68734	8,34E-3	
68833,5	8,34E-3	
68933,1	8,33E-3	
69032,6	8,34E-3	
69132,1	8,34E-3	
69231,6	8,34E-3	
69331,1	8,33E-3	
69430,6	8,33E-3	
69530,1	8,34E-3	
69629,6	8,33E-3	
69729,1	8,34E-3	
69828,6	8,33E-3	
69928,2	8,34E-3	
70027,7	8,33E-3	
70127,2	8,34E-3	
70226,7	8,33E-3	
70326,2	8,34E-3	
70425,7	8,33E-3	
70525,2	8,33E-3	
70624,7	8,34E-3	
70724,2	8,34E-3	
70823,7	8,33E-3	
70923,2	8,33E-3	
71022,7	8,33E-3	
71122,2	8,33E-3	
71221,8	8,33E-3	
71321,3	8,33E-3	
71420,8	8,33E-3	
71520,3	8,33E-3	
71619,8	8,33E-3	
71719,3	8,33E-3	
71818,8	8,33E-3	
71918,3	8,33E-3	
72017,8	8,33E-3	
72117,3	8,33E-3	
72216,8	8,33E-3	
72316,3	8,33E-3	
72415,8	8,33E-3	
72515,3	8,33E-3	
72614,8	8,33E-3	
72714,4	8,33E-3	
72813,9	8,33E-3	
72913,4	8,33E-3	
73012,9	8,33E-3	
73112,4	8,33E-3	
73211,9	8,33E-3	
73311,4	8,33E-3	
73410,9	8,33E-3	
73510,4	8,33E-3	
73609,9	8,33E-3	
73709,4	8,33E-3	
73808,9	8,33E-3	
73908,4	8,33E-3	
74007,9	8,33E-3	
74107,4	8,32E-3	
74206,9	8,32E-3	
74306,4	8,32E-3	
74406	8,33E-3	
74505,5	8,33E-3	
74605	8,33E-3	
74704,5	8,32E-3	
74804	8,33E-3	
74903,5	8,32E-3	
75003	8,32E-3	
75102,5	8,33E-3	
75202	8,32E-3	
75301,5	8,32E-3	
75401	8,33E-3	
75500,5	8,33E-3	
75600	8,32E-3	
75699,6	8,32E-3	
75799,1	8,32E-3	
75898,6	8,32E-3	
75998,1	8,33E-3	
76097,6	8,32E-3	
76197,1	8,32E-3	
76296,6	8,32E-3	
76396,1	8,33E-3	
76495,6	8,31E-3	
76595,1	8,32E-3	
76694,6	8,32E-3	
76803,5	8,31E-3	
76903,5	8,32E-3	
